0.657282679125601
0.7873171230774477
0.8646455001193603
0.8732735395423388
0.8905978242335368
0.8935477270402074
0.8907001330013982
0.8853630256112949
0.8879036933465198
0.8905296183882959
0.8915186031442894
0.9025167956893906
0.9080585206152167
0.9124407461719469
0.9203185212972752
0.9207618592913412
0.9210687855949254
0.9237117620980118
0.9272755175118508
0.9278552671963988
0.9267980765951642
0.9260648637588241
0.9253487023837943
0.9245472837022133
0.9246495924700747
0.9242233059373188
0.9234048357944276
0.9220407188896088
0.9215803294342325
0.9208300651365822
0.9198069774579681
0.9210517341336153
0.9217337925860246
0.923149063874774
0.9249053643897281
0.9250588275415204
0.9253145994611738
0.9264229444463391
0.9278211642737783
0.9278552671963988
