0.5740715479316577
0.6743511918971455
0.7383623776557651
0.7820141186099648
0.8140026600279644
0.8384203526242199
0.8368004637997476
0.8448999079221089
0.8477645534222283
0.855096681785629
0.8553012993213518
0.8693517034409849
0.8714490331821437
0.8742454728370221
0.880997851515875
0.8824813286498653
0.8837260853255124
0.8873580465845923
0.8880060021143812
0.889080244176926
0.8883981857245166
0.887409200968523
0.8861473928315656
0.8863861132899089
0.8869147085905262
0.8887051120281008
0.885806363605361
0.8854653343791563
0.8845275040070935
0.884425195239232
0.8838965999386147
0.8858916209119122
0.8859427752958429
0.8864372676738397
0.8882106196501041
0.8880571564983119
0.8877502301947277
0.8885175459536883
0.8885516488763087
0.889080244176926
