knn:
 [[5466    3    1   12    4    2   25    2   42    3]
 [   0 6113  157  121   55   10   32   74   38   55]
 [  14   14 5616  143    4    1   16   50   27    3]
 [   4    1   22 5628    0   62    1   54   25   22]
 [  14    7   20    1 5292   21  113   29   14  211]
 [  10    3    8  377    2 4939   38   10   81   71]
 [  26    9    5    2    4   44 5723    0   45    0]
 [   1   16   45  123   47    2    1 5762    5   95]
 [  34   22   33  114   34   29   54   25 5176  174]
 [  11    8   15   93   91   11    7  119   46 5412]]

logist :
 [[5372    5   18   17   20    3   96    7   21    1]
 [   3 5642  120  232  260   71  180   60   20   67]
 [  26   21 5613   63   15    1   28   82   36    3]
 [   4    7   34 5578   17   38    1   91   21   28]
 [  38    9   19    0 5364    0  100   44    6  142]
 [  10   14   15  584  103 4645   64   23   52   29]
 [  71   35    0    1   31   88 5527    0  105    0]
 [   0   50   41  119  223    3    0 5609   16   36]
 [ 141   55   45   52  120   52   86   61 4768  315]
 [  57   29   10  130  319    2    5  185    7 5069]]

nb :
 [[5220    1   11   32    2    1   41    0  251    1]
 [   1 5184  583  238   86   22   85  340   80   36]
 [   9   24 5289  447    4    1    8   52   53    1]
 [   2    1  212 5390    1   33    0  127   31   22]
 [  14    2   44   12 5273    0   32   44   90  211]
 [   9    6   29  103   31 4958   46    2  169  186]
 [  78    7   89    8   15   90 5286    0  285    0]
 [   1   47  175  426   21    1    1 5323   60   42]
 [ 175    5   53  182   23    7   38   13 5112   87]
 [  25    5   62  151  221    4    0   55  184 5106]]

lda :
 [[5358   10   11   15   19    0   47   17   80    3]
 [   0 6027  222   85    9   22   38  199   31   22]
 [  22   41 5605   12    1    0    4  175   27    1]
 [   1   12   29 5470    1   19    1  247   23   16]
 [  20   71   42    0 5208    0   86    5   29  261]
 [   9   11    6  314    4 5015   50   24   67   39]
 [  77   49   37   15   56   36 5460    0  125    3]
 [   0   58   47    6   58    1    0 5882   22   23]
 [  80   59   38    5   51   29   54   57 4961  361]
 [  34   31    9   91   69    7   16   98   29 5429]]
