"Premium" "Renda" "Anos"
"1" 0 18.902564398578 4
"2" 1 38.6626718334092 7
"3" 1 82.1610752562115 4
"4" 1 22.3481673417011 8
"5" 1 36.1339849742552 9
"6" 0 52.6176120602798 2
"7" 1 55.3664500710473 5
"8" 1 30.7810670572008 8
"9" 0 21.952569753008 5
"10" 0 53.8422484220924 5
"11" 1 29.80479719772 9
"12" 1 55.0896817517673 5
"13" 1 47.2877343175524 6
"14" 0 40.8054560328638 5
"15" 0 20.4481162381966 2
"16" 1 72.7310520923861 8
"17" 1 68.2022114152674 3
"18" 1 51.4191695608813 2
"19" 1 48.6313150873856 4
"20" 1 57.9849811238432 9
"21" 1 116.689023541729 8
"22" 1 58.2306391015021 6
"23" 0 17.7098086459166 6
"24" 1 39.9250406047165 11
"25" 0 13.8315766622546 6
"26" 1 79.5207461416023 6
"27" 1 82.5563217651634 5
"28" 1 104.855786525885 5
"29" 1 43.6420742689962 4
"30" 0 26.4436655269226 3
"31" 1 80.139510563935 9
"32" 0 6.11139795958986 8
"33" 1 59.2152783325018 6
"34" 1 34.9679823010184 7
"35" 1 62.0658019729366 1
"36" 1 29.9015462606204 5
"37" 1 29.8524772982592 6
"38" 1 78.3740623503959 3
"39" 1 36.910812825123 4
"40" 0 56.718946177197 3
"41" 0 26.9633800079103 3
"42" 0 18.8340579624733 4
"43" 1 76.6588331490989 4
"44" 0 12.2554734933237 4
"45" 1 65.2338982717409 3
"46" 1 54.9952682800769 3
"47" 1 49.6480279564358 3
"48" 0 31.1952754659029 5
"49" 0 17.9419859799953 4
"50" 1 130.984685473254 7
"51" 0 18.2361805005413 2
"52" 1 115.257853286019 5
"53" 0 13.4610582300858 7
"54" 1 52.0567019736806 2
"55" 0 24.7786026024054 5
"56" 0 15.6405147512009 3
"57" 0 27.5582832255706 3
"58" 0 45.5383311961099 6
"59" 1 79.1837486214937 8
"60" 0 40.1394166551589 4
"61" 1 64.1418195973983 6
"62" 0 23.7704448061125 2
"63" 1 62.3485603668649 4
"64" 1 63.4286615249851 4
"65" 1 90.9766057049471 7
"66" 0 21.9310942825501 5
"67" 1 123.58230440247 7
"68" 1 58.1481955925486 7
"69" 0 8.97329555590912 7
"70" 0 8.61343800938804 4
"71" 1 135.041835888691 6
"72" 1 88.449450430312 6
"73" 1 29.8210106727234 6
"74" 0 7.03652022931588 0
"75" 0 24.3355458615286 5
"76" 0 37.3427460408023 3
"77" 1 105.082858004742 4
"78" 1 35.8639772616441 5
"79" 0 49.6780319860869 4
"80" 0 24.6810658678826 2
"81" 0 23.3633484785509 3
"82" 1 78.3820800674798 6
"83" 1 42.5660372327184 4
"84" 1 166.25897703389 7
"85" 1 46.7780650925513 2
"86" 1 36.5111866532615 4
"87" 1 21.9847578412341 10
"88" 0 13.6432758032516 8
"89" 1 62.2946381759373 8
"90" 0 27.1918561967779 3
"91" 1 26.6161603650173 3
"92" 0 18.7547801941557 6
"93" 1 60.6912724002634 4
"94" 0 10.5281848366554 6
"95" 1 34.7855236941923 4
"96" 0 21.1376518233636 3
"97" 1 21.9750247439773 7
"98" 1 71.0909924921827 2
"99" 1 61.7255238259893 5
"100" 0 33.3503194518433 5
"101" 0 17.3879253955941 5
"102" 1 69.8050060817115 4
"103" 1 53.9839847454202 5
"104" 0 9.81471773478106 9
"105" 1 32.2180586607722 5
"106" 0 5.96984656405412 8
"107" 0 7.42084392568962 8
"108" 0 4.00144276199007 5
"109" 0 26.8812922136034 4
"110" 1 126.185192483987 3
"111" 1 102.414324804821 9
"112" 1 34.8372819473931 4
"113" 0 29.8360249683536 2
"114" 1 34.101215681401 9
"115" 1 69.9844534281424 6
"116" 1 27.6541585371107 3
"117" 0 38.9577008705081 5
"118" 1 87.876020315355 9
"119" 1 140.574737698802 5
"120" 1 99.8535937146116 4
"121" 1 33.5339083535678 6
"122" 1 59.6699371265344 4
"123" 1 72.2796944739438 4
"124" 1 21.3991019118113 3
"125" 0 72.7616553875173 4
"126" 1 61.3793578229948 10
"127" 0 6.94606309252374 3
"128" 1 29.0943995548132 2
"129" 1 43.0431926630954 3
"130" 1 39.8173910351058 6
"131" 1 51.755668603857 6
"132" 1 38.2593193090589 8
"133" 0 3.82216815814622 6
"134" 0 16.235301534857 6
"135" 1 29.8071807716724 5
"136" 1 83.2899127102398 6
"137" 1 88.6561326338782 7
"138" 1 31.822272216039 7
"139" 1 31.0928734738141 10
"140" 1 36.7411745645995 4
"141" 1 76.7231802352805 4
"142" 1 80.7640504707961 4
"143" 0 21.9029087592871 1
"144" 0 44.1692211151992 3
"145" 1 61.9395983677242 7
"146" 0 48.3257476185917 3
"147" 1 78.8762948086197 3
"148" 0 58.5679926950104 2
"149" 0 17.5820819376315 3
"150" 1 70.597008303711 6
"151" 1 45.1221198030071 7
"152" 1 84.0704854982986 5
"153" 0 7.71055514496036 4
"154" 0 7.28613926721675 3
"155" 1 61.3572701471588 2
"156" 1 35.6608362626057 4
"157" 1 77.3701009663905 5
"158" 1 115.002125315793 3
"159" 0 15.137588757198 5
"160" 0 39.1174433805119 3
"161" 1 58.536695213672 5
"162" 0 29.0438269479137 4
"163" 1 157.561985628356 6
"164" 1 31.4774433398642 4
"165" 1 80.3434507672483 4
"166" 1 61.7651199472901 5
"167" 1 46.787683150438 6
"168" 0 1.27363881168761 3
"169" 1 49.9727938880559 4
"170" 0 14.1391211801114 4
"171" 1 140.339330092069 6
"172" 1 196.885370100636 3
"173" 1 67.0298183331598 7
"174" 1 54.746025609145 6
"175" 0 21.6227023747087 6
"176" 0 6.0729206626242 6
"177" 0 37.0632061154706 4
"178" 0 16.4261358695438 5
"179" 1 43.5507624194913 8
"180" 0 43.0406896762701 5
"181" 0 12.1534631971793 7
"182" 1 50.5549899119797 4
"183" 1 69.6772744275083 6
"184" 1 68.8156112269378 3
"185" 0 19.7457569435804 5
"186" 1 48.8458890471343 5
"187" 1 20.3050298434658 4
"188" 1 50.6488043890113 5
"189" 1 34.5892243009266 8
"190" 1 21.994446149838 8
"191" 1 40.8417956114457 4
"192" 1 36.6928844510903 4
"193" 1 8.83288599880548 10
"194" 0 20.335916620062 6
"195" 0 10.2534174861016 9
"196" 1 116.137127333834 5
"197" 1 35.8163097261273 4
"198" 1 97.482481583529 6
"199" 0 24.515898163338 3
"200" 0 27.5892104310157 5

