0.6616308017597108
0.7245847969170958
0.7589434914572178
0.7744603212495311
0.7910684445656992
0.793370391842581
0.7998840500630904
0.8020495856494901
0.8059884732121543
0.8074037445009037
0.8151962623196808
0.8276949834600825
0.838795484773045
0.8478668621900897
0.8671691163932749
0.8696074753606384
0.8725744296286192
0.8796507860723664
0.8844763496231627
0.8867441939774239
0.8867100910548034
0.8867441939774239
0.8868806056679057
0.887119326126249
0.8888415237185827
0.8899498687037479
0.889881662858507
0.8893871704805102
0.8894724277870614
0.8894212734031306
0.8906148756948471
0.8937011901919995
0.8951505644033694
0.8977253350612148
0.9003512601029908
0.9010503700167104
0.9019199945435323
0.9038468096715888
0.9060293967192988
0.906916072707431
