1794
1280
1443
1505
840
1927
1224
1176
600
1066
1656
720
1710
1517
2024
1152
1400
1204
1271
1088
792
1518
1650
1540
1760
1320
1656
780
1443
1554
936
783
2016
1360
1911
2548
1260
1710
1702
1369
1053
1521
1353
1887
812
625
1692
1230
1886
1224
1938
1862
1292
1369
1054
1015
1365
1344
1610
1872
960
2028
2173
1763
870
1184
1482
1440
1763
1628
1652
1720
3366
1672
1116
2655
992
816
1156
1296
1428
1188
2592
1131
567
676
2438
1120
1610
1806
620
667
2652
1700
1036
1064
1156
1326
1326
1485
1496
1560
729
2150
1880
961
1148
1209
2652
1280
2494
1178
1056
1190
1520
1258
1116
1806
1116
2067
1023
594
930
888
858
1443
870
1170
2106
1353
1968
840
1428
960
1395
1188
660
900
899
1480
1190
1280
1292
1116
1656
550
1188
1369
1476
646
3009
1330
1305
1596
1353
1102
1849
1260
1404
1776
1131
1295
810
2050
1209
1435
1900
1680
1440
1160
2585
1088
928
858
1248
1672
1584
816
828
2451
2112
2205
1092
1505
1419
961
1024
960
3960
1932
1728
1333
1551
2100
1295
1482
1394
1645
1462
1755
800
495
1612
1258
925
1800
1056
1120
912
756
828
1421
602
741
731
288
544
1200
1200
1224
624
420
200
759
403
1326
651
615
429
1225
1440
420
1375
1218
440
903
1508
700
1776
378
1000
855
350
987
966
189
1485
1428
3960
650
525
1054
1230
912
825
1428
442
969
1363
754
1189
396
1107
770
1242
297
518
507
1617
1196
1056
2080
364
2210
1216
444
333
532
836
1056
408
380
1457
1107
405
1484
609
186
1980
658
290
507
741
517
871
495
374
1628
1596
1305
630
1219
702
765
1517
1530
640
969
1363
506
957
336
1012
1440
572
1581
1276
390
720
819
500
748
387
369
1364
2000
816
1408
476
1247
1363
1798
756
594
300
1080
1032
792
704
780
1188
1148
1392
1058
574
774
380
700
1092
1050
770
500
1392
1140
2145
612
1035
546
330
816
1242
703
1767
1705
1176
646
1350
754
720
525
1457
1196
369
704
1378
477
468
546
945
1472
1265
1080
378
760
735
459
616
799
516
578
2730
462
490
1564
874
2385
1092
1128
385
28
1452
1568
2805
1517
2550
2622
1849
1152
1188
1722
1599
1925
2340
1974
1116
1147
1848
990
2160
1628
1978
1716
1292
1634
1204
1020
1813
3021
1444
2772
2193
1911
2294
2448
3300
1518
1850
1496
1190
1386
1554
1050
980
2340
1677
2346
1350
783
1400
1720
2400
2340
2160
1824
2162
1596
1216
928
1116
1024
1833
1178
2009
2156
4290
1258
992
2646
2318
1290
1054
1353
1394
2600
3180
2156
3008
2450
1890
1332
1932
1224
1332
1344
2632
2050
1480
975
1435
2805
1716
1224
1666
1584
1225
2115
2968
1763
1054
1292
2068
1560
1470
1292
930
2107
1440
1260
1599
1548
2162
1365
2548
2058
2160
1332
1404
1640
1890
1935
1710
2279
1591
2080
1974
1287
1974
1404
840
2100
2736
1974
1302
2091
2496
1240
2392
2394
1681
1763
1050
2392
1326
1968
1850
1558
1518
2491
1218
2646
2280
1221
1332
1950
2067
2109
2772
1968
6237
1736
2226
1295
1596
2050
1462
2024
1485
1554
1332
2809
1470
1900
1148
3752
1209
1188
1776
2491
1320
1376
2530
2142
1736
1640
1575
1566
782
2173
1804
1763
2058
1102
3465
1428
2460
1368
1023
4692
1924
1120
3186
1870
1188
1560
2754
2156
2652
1620
1584
2842
2156
2856
952
2150
1190
1512
1540
1750
1288
2646
1782
2226
1974
2106
1938
1786
1240
2300
1656
2240
1680
1665
918
2236
1209
1749
2700
1088
1540
1564
2080
2679
1886
1026
1677
3249
1820
2652
3100
2550
2420
1540
2420
1160
2106
840
952
2496
1550
1505
1376
1462
1886
1200
2700
1950
1480
1452
2915
1428
988
1333
1444
2070
2392
1452
1305
2142
1131
1748
1596
2208
1066
2632
2068
1530
1365
2058
1404
1628
3564
1170
1620
2160
3840
2552
1632
1080
2420
1395
2352
1178
2550
1518
2091
1836
2842
1800
1628
1519
2900
2160
2226
1575
1989
1968
1833
1505
1462
1813
1591
1989
2040
1247
1404
2565
2444
1023
1178
2016
2418
1443
2193
2100
1428
3150
1598
1716
3036
1848
1862
1320
1551
2200
1365
1110
2460
1692
1320
1152
3009
1316
1530
1419
1044
3038
2160
1794
1748
1155
1680
1333
1290
2208
2068
2058
1344
2928
2392
1530
2156
1632
1740
952
782
1764
770
2320
1408
2068
1938
1860
2772
1240
1683
1452
1148
2700
2565
1053
2070
1189
2600
1890
2596
858
1190
1479
2236
1638
4290
2016
2867
2448
1632
1476
1628
1392
2145
2120
1938
2703
2867
1554
3038
1376
2597
1316
2184
1813
1320
1064
2160
3087
1485
2378
1870
2050
2576
3120
1104
2052
2303
1674
2703
2968
3196
1881
1650
1470
1824
1935
1813
2430
1080
3180
3127
1995
1610
1476
870
3025
1755
3124
2891
2752
1728
1700
1785
2457
2460
4118
2904
1056
1908
2666
2275
2070
1665
1872
1628
1911
2475
2730
2226
3008
1344
2024
2280
2580
1426
1911
1998
2112
2700
936
2088
1419
3127
2856
984
2700
1750
2170
1044
1350
1628
2340
1953
2280
1290
1961
1640
3016
2948
1833
2907
1504
3127
2464
1728
2500
2668
1628
4374
2025
1369
1457
2400
1989
2700
2067
2622
2132
1680
1976
980
3180
3484
3074
1548
1610
3021
1200
1296
1320
1974
1989
3120
1677
3770
2146
2438
1798
2006
1554
2236
2014
2303
3782
2205
1887
2160
851
3060
2552
2862
1012
2624
1680
1120
2050
1426
975
3339
1938
1376
2535
2622
2816
2331
925
2862
2700
2318
2050
1666
2646
1242
3060
3150
1155
1224
1400
1782
2279
2379
3990
2958
2709
1900
1794
1856
3250
2088
2688
2450
2793
2279
2552
6675
3472
2242
1224
1908
2494
1452
2115
2632
2021
2400
1599
2970
1394
2420
2898
2914
1786
2300
1638
2438
2150
1188
2352
2070
2961
2494
3960
2112
2352
1444
2756
1665
1836
3410
2109
2115
3180
945
2444
1073
2806
2254
1230
2255
1548
2100
2700
3066
2068
3234
2622
2226
2520
2295
2040
2880
1584
1824
2107
2009
1050
1806
1600
3536
2728
3500
1216
2170
1640
1190
2058
1849
2255
2352
1470
3600
1155
1968
1368
1014
1961
2107
2397
2640
2200
2408
1665
1848
2014
1521
1664
1209
1960
3355
3648
1980
999
2070
1800
2397
1190
1120
2340
1440
2385
2542
3285
1196
1680
2145
2847
2714
2907
1768
1134
3774
2650
1880
2870
1596
1554
1485
3024
3234
3245
1936
2392
1840
1989
1886
4425
1681
918
2475
3124
1551
2600
2548
1890
2736
2160
2600
2610
2268
1739
2970
2160
2832
3528
1710
2064
3976
2064
1120
1344
2726
1702
1520
3016
1485
1496
1813
1073
2332
2226
2530
2288
3445
1443
1610
2254
2900
1560
1920
1960
1764
2944
1302
1353
5200
2401
1476
2679
1596
3848
1462
2790
3420
3136
2891
3240
2150
1750
1554
1472
2613
1760
1720
1584
1247
620
1764
1952
589
1428
2184
2109
1372
2840
680
1209
1428
1968
2028
1155
1886
1575
1008
1386
3192
960
4293
1938
1715
1008
1596
2021
999
1692
2052
1890
2070
888
2074
1722
2976
1410
1364
1280
1551
1440
1645
1824
1680
2124
1760
1862
2623
1794
1131
1431
1643
1540
1302
1150
1598
1320
1944
825
2491
1976
2046
2052
1000
1440
1073
1518
2240
1782
1260
1785
2146
1369
2107
2200
943
2196
2352
780
1222
1887
2030
1232
2052
1836
2440
1944
1020
1386
1242
1518
2090
1786
3965
1406
1170
1584
1705
2150
1485
2028
1521
1716
2160
1596
1672
832
2009
1612
1598
1421
1148
2052
1290
2542
1408
1485
2925
1938
1680
1330
2688
2160
1584
1591
1584
1064
1927
2160
1120
1989
1128
2294
3721
1760
1739
1290
1364
1188
1316
840
2385
1836
1692
1225
1408
1558
1032
2444
1134
1161
1517
1702
1872
1824
2106
1363
2788
1886
880
1408
2088
1470
1247
828
1700
1620
2714
1872
1540
1763
1575
1107
1320
864
1440
1330
1908
1221
2244
1711
2880
2240
2040
1840
2184
918
1710
1426
1950
2356
1488
792
1026
1728
1972
2173
1325
1452
1230
828
1683
2580
1394
1591
1617
1032
900
1968
700
2166
966
1462
1120
1584
2806
1175
1240
1122
1360
841
1292
1908
1932
975
3348
2160
1209
2542
1920
1404
1749
1363
1330
1677
1044
2160
1665
2867
884
1848
2538
1722
1824
2279
1581
1073
1044
1290
2280
1152
1377
910
2173
1938
2014
1749
1008
1196
936
1768
1323
1518
1064
1258
1140
1107
1443
1624
1505
2976
2548
1886
2394
1976
1406
1075
2304
1230
1380
1920
2244
2322
2562
1221
1947
1536
1134
1440
1344
2809
1224
2028
2244
858
1848
1802
1221
2000
2444
1092
1254
2214
3024
1564
1927
990
2350
1598
2646
1672
1584
1900
1365
2394
1830
1344
840
1881
759
1888
1900
1840
1116
1386
2400
2400
1200
1392
984
1271
1092
2392
2112
1332
2108
1886
1219
1100
1924
1457
1600
1968
860
1518
2142
1456
1881
2064
2091
1485
1248
950
1395
1363
1517
2352
840
1944
1560
1710
1457
2565
1008
2501
2301
2160
2150
1520
2142
1394
2079
1395
2295
1782
1350
1365
1617
2268
1204
1209
2310
1419
1302
1653
2100
1855
972
1368
1040
2332
2208
1120
1550
2296
1323
1360
1836
1470
1014
2790
1508
2112
2622
1248
1548
1512
3712
2173
2332
1452
1978
2632
1377
2450
1326
2128
2009
1764
1274
2585
2501
1400
3363
2232
1848
2360
1457
1632
2576
1763
1176
2090
651
1700
1410
1240
1927
1591
1369
1632
2021
2200
1479
2205
1680
2000
2166
1066
2928
2058
3072
2436
1537
2726
1610
1591
1488
1548
1674
1419
2091
2304
2310
1904
1680
936
2100
1440
2499
2958
1176
1920
1760
1488
2166
2301
990
2109
1886
2065
1530
2552
1426
1247
1488
1628
792
2624
2964
1911
2496
2262
2646
1680
1276
1968
1452
2173
1880
2860
1617
2208
2958
2035
2352
2688
1722
1961
1634
2200
2280
1924
1692
2145
2970
1512
2655
2080
2601
3363
1485
2418
2280
1632
1840
1140
2601
740
1189
2173
1426
1785
1848
2622
2080
1260
1152
1785
1170
2790
1938
1161
2774
2320
1462
980
1815
2784
1248
3700
2090
1634
1568
1862
1650
1326
1470
1976
1925
1316
2040
1836
1806
1188
1680
2322
1440
1833
1353
1800
1908
3136
2064
1872
1334
1485
1950
1755
2976
2128
2478
1880
1008
1170
2623
2530
2870
2862
1462
2024
1457
1786
2400
2115
2024
1610
1881
3960
1836
2120
1904
1260
2028
840
1888
2622
1260
1394
1768
2262
1638
1184
2205
1620
1392
1947
1656
1020
1419
2009
2340
1705
1628
1995
1666
2790
1740
1530
800
1802
1643
1365
1887
1064
2040
1472
2106
2067
1426
3888
1696
1452
1683
1450
1748
1353
2028
1128
1394
1932
3311
1537
2079
2352
1768
2332
1855
1862
3008
1749
1560
1421
2622
2795
1100
1218
2337
1653
1862
2345
1922
1444
3216
897
1334
2296
1680
2880
1860
3384
1590
1080
1320
1776
1312
1540
1479
1440
2419
2244
2952
1836
1560
1400
1920
1960
1643
2183
1350
1421
2088
2494
1624
1855
1890
2091
2592
1488
1131
2178
2184
3996
3588
1457
1610
1568
2379
1410
2356
1715
1131
1274
2257
2072
1386
2596
1479
2132
2730
2226
1334
1591
2400
1600
2000
1472
1320
1120
2091
1593
3330
1944
1760
1485
1260
2193
2508
1680
1590
1290
1734
1014
2530
1870
2028
1952
1900
1540
1749
1080
1364
1230
1632
1092
1470
2205
1242
1014
1480
1830
1600
1025
1829
1012
1161
1410
2120
1887
1155
1500
1032
2478
1316
1131
1740
2301
1530
2352
896
1908
1664
1944
2210
972
2050
1836
1947
1952
1794
data/cdf0361_07_13_0.tif
(39, 46)
(32, 40)
(39, 37)
(35, 43)
(24, 35)
(41, 47)
(36, 34)
(28, 42)
(24, 25)
(26, 41)
(36, 46)
(20, 36)
(38, 45)
(37, 41)
(44, 46)
(32, 36)
(40, 35)
(28, 43)
(31, 41)
(32, 34)
(33, 24)
(33, 46)
(33, 50)
(35, 44)
(44, 40)
(30, 44)
(46, 36)
(26, 30)
(39, 37)
(42, 37)
(26, 36)
(27, 29)
(42, 48)
(40, 34)
(39, 49)
(49, 52)
(36, 35)
(38, 45)
(37, 46)
(37, 37)
(27, 39)
(39, 39)
(41, 33)
(51, 37)
(28, 29)
(25, 25)
(36, 47)
(41, 30)
(46, 41)
(36, 34)
(38, 51)
(38, 49)
(38, 34)
(37, 37)
(31, 34)
(29, 35)
(35, 39)
(32, 42)
(35, 46)
(39, 48)
(30, 32)
(39, 52)
(41, 53)
(41, 43)
(30, 29)
(32, 37)
(38, 39)
(36, 40)
(41, 43)
(37, 44)
(28, 59)
(43, 40)
(51, 66)
(44, 38)
(36, 31)
(45, 59)
(32, 31)
(24, 34)
(34, 34)
(36, 36)
(34, 42)
(33, 36)
(48, 54)
(39, 29)
(21, 27)
(26, 26)
(46, 53)
(35, 32)
(35, 46)
(43, 42)
(20, 31)
(23, 29)
(51, 52)
(34, 50)
(28, 37)
(28, 38)
(34, 34)
(39, 34)
(34, 39)
(33, 45)
(34, 44)
(40, 39)
(27, 27)
(43, 50)
(40, 47)
(31, 31)
(41, 28)
(31, 39)
(52, 51)
(32, 40)
(43, 58)
(31, 38)
(32, 33)
(34, 35)
(40, 38)
(37, 34)
(36, 31)
(42, 43)
(31, 36)
(39, 53)
(33, 31)
(22, 27)
(30, 31)
(24, 37)
(26, 33)
(39, 37)
(30, 29)
(30, 39)
(39, 54)
(33, 41)
(41, 48)
(28, 30)
(34, 42)
(30, 32)
(45, 31)
(36, 33)
(22, 30)
(30, 30)
(31, 29)
(40, 37)
(35, 34)
(32, 40)
(34, 38)
(31, 36)
(46, 36)
(22, 25)
(36, 33)
(37, 37)
(36, 41)
(34, 19)
(51, 59)
(35, 38)
(29, 45)
(42, 38)
(33, 41)
(29, 38)
(43, 43)
(30, 42)
(36, 39)
(37, 48)
(29, 39)
(37, 35)
(30, 27)
(41, 50)
(31, 39)
(41, 35)
(50, 38)
(40, 42)
(45, 32)
(29, 40)
(55, 47)
(34, 32)
(29, 32)
(26, 33)
(32, 39)
(44, 38)
(36, 44)
(24, 34)
(23, 36)
(43, 57)
(44, 48)
(45, 49)
(28, 39)
(43, 35)
(33, 43)
(31, 31)
(32, 32)
(32, 30)
(60, 66)
(46, 42)
(48, 36)
(31, 43)
(33, 47)
(42, 50)
(37, 35)
(39, 38)
(41, 34)
(35, 47)
(43, 34)
(45, 39)
(16, 50)
(11, 45)
(31, 52)
(34, 37)
(25, 37)
(45, 40)
(22, 48)
(28, 40)
(24, 38)
(18, 42)
(18, 46)
(29, 49)
(14, 43)
(19, 39)
(17, 43)
(9, 32)
(17, 32)
(20, 60)
(25, 48)
(24, 51)
(12, 52)
(10, 42)
(8, 25)
(23, 33)
(13, 31)
(26, 51)
(21, 31)
(15, 41)
(13, 33)
(25, 49)
(24, 60)
(10, 42)
(25, 55)
(29, 42)
(11, 40)
(21, 43)
(26, 58)
(20, 35)
(37, 48)
(9, 42)
(25, 40)
(19, 45)
(10, 35)
(21, 47)
(23, 42)
(7, 27)
(33, 45)
(28, 51)
(55, 72)
(13, 50)
(15, 35)
(17, 62)
(30, 41)
(24, 38)
(15, 55)
(28, 51)
(13, 34)
(19, 51)
(29, 47)
(13, 58)
(29, 41)
(9, 44)
(27, 41)
(22, 35)
(27, 46)
(11, 27)
(14, 37)
(13, 39)
(33, 49)
(26, 46)
(24, 44)
(40, 52)
(13, 28)
(34, 65)
(32, 38)
(12, 37)
(9, 37)
(19, 28)
(22, 38)
(24, 44)
(8, 51)
(10, 38)
(31, 47)
(27, 41)
(9, 45)
(28, 53)
(21, 29)
(6, 31)
(36, 55)
(14, 47)
(10, 29)
(13, 39)
(19, 39)
(11, 47)
(13, 67)
(11, 45)
(11, 34)
(37, 44)
(38, 42)
(29, 45)
(14, 45)
(23, 53)
(13, 54)
(15, 51)
(37, 41)
(30, 51)
(20, 32)
(17, 57)
(29, 47)
(11, 46)
(29, 33)
(8, 42)
(22, 46)
(32, 45)
(13, 44)
(31, 51)
(29, 44)
(10, 39)
(15, 48)
(21, 39)
(10, 50)
(22, 34)
(9, 43)
(9, 41)
(31, 44)
(40, 50)
(24, 34)
(32, 44)
(14, 34)
(29, 43)
(29, 47)
(29, 62)
(18, 42)
(18, 33)
(10, 30)
(24, 45)
(24, 43)
(18, 44)
(11, 64)
(13, 60)
(27, 44)
(28, 41)
(29, 48)
(23, 46)
(14, 41)
(18, 43)
(10, 38)
(14, 50)
(28, 39)
(25, 42)
(22, 35)
(10, 50)
(24, 58)
(20, 57)
(39, 55)
(17, 36)
(23, 45)
(13, 42)
(11, 30)
(12, 68)
(23, 54)
(19, 37)
(31, 57)
(31, 55)
(28, 42)
(19, 34)
(27, 50)
(13, 58)
(18, 40)
(15, 35)
(31, 47)
(26, 46)
(9, 41)
(22, 32)
(26, 53)
(9, 53)
(13, 36)
(13, 42)
(21, 45)
(32, 46)
(23, 55)
(24, 45)
(9, 42)
(20, 38)
(15, 49)
(17, 27)
(14, 44)
(17, 47)
(12, 43)
(17, 34)
(42, 65)
(14, 33)
(10, 49)
(34, 46)
(23, 38)
(45, 53)
(26, 42)
(24, 47)
(11, 35)
(1, 28)
(33, 44)
(49, 32)
(51, 55)
(37, 41)
(50, 51)
(57, 46)
(43, 43)
(36, 32)
(33, 36)
(42, 41)
(39, 41)
(35, 55)
(45, 52)
(47, 42)
(36, 31)
(37, 31)
(42, 44)
(33, 30)
(40, 54)
(44, 37)
(46, 43)
(39, 44)
(34, 38)
(38, 43)
(28, 43)
(34, 30)
(37, 49)
(57, 53)
(38, 38)
(44, 63)
(51, 43)
(39, 49)
(62, 37)
(48, 51)
(60, 55)
(33, 46)
(37, 50)
(34, 44)
(35, 34)
(42, 33)
(37, 42)
(35, 30)
(28, 35)
(45, 52)
(43, 39)
(51, 46)
(30, 45)
(27, 29)
(35, 40)
(43, 40)
(48, 50)
(45, 52)
(48, 45)
(38, 48)
(46, 47)
(42, 38)
(32, 38)
(32, 29)
(36, 31)
(32, 32)
(39, 47)
(31, 38)
(49, 41)
(49, 44)
(65, 66)
(34, 37)
(32, 31)
(63, 42)
(38, 61)
(43, 30)
(34, 31)
(33, 41)
(34, 41)
(50, 52)
(53, 60)
(44, 49)
(47, 64)
(49, 50)
(45, 42)
(36, 37)
(42, 46)
(34, 36)
(36, 37)
(32, 42)
(56, 47)
(41, 50)
(40, 37)
(25, 39)
(41, 35)
(55, 51)
(39, 44)
(36, 34)
(34, 49)
(36, 44)
(35, 35)
(45, 47)
(53, 56)
(41, 43)
(34, 31)
(34, 38)
(44, 47)
(39, 40)
(35, 42)
(34, 38)
(30, 31)
(49, 43)
(36, 40)
(36, 35)
(41, 39)
(36, 43)
(47, 46)
(35, 39)
(52, 49)
(42, 49)
(45, 48)
(36, 37)
(36, 39)
(41, 40)
(42, 45)
(43, 45)
(38, 45)
(43, 53)
(37, 43)
(52, 40)
(47, 42)
(33, 39)
(42, 47)
(36, 39)
(30, 28)
(42, 50)
(48, 57)
(42, 47)
(42, 31)
(51, 41)
(48, 52)
(31, 40)
(46, 52)
(42, 57)
(41, 41)
(41, 43)
(35, 30)
(46, 52)
(34, 39)
(41, 48)
(50, 37)
(38, 41)
(33, 46)
(47, 53)
(29, 42)
(49, 54)
(57, 40)
(37, 33)
(36, 37)
(39, 50)
(53, 39)
(57, 37)
(44, 63)
(41, 48)
(99, 63)
(56, 31)
(53, 42)
(37, 35)
(38, 42)
(41, 50)
(34, 43)
(44, 46)
(45, 33)
(37, 42)
(36, 37)
(53, 53)
(30, 49)
(38, 50)
(28, 41)
(67, 56)
(39, 31)
(36, 33)
(37, 48)
(53, 47)
(33, 40)
(32, 43)
(46, 55)
(42, 51)
(31, 56)
(41, 40)
(35, 45)
(29, 54)
(23, 34)
(41, 53)
(41, 44)
(43, 41)
(42, 49)
(38, 29)
(55, 63)
(34, 42)
(60, 41)
(36, 38)
(33, 31)
(69, 68)
(37, 52)
(35, 32)
(54, 59)
(34, 55)
(33, 36)
(39, 40)
(51, 54)
(44, 49)
(51, 52)
(36, 45)
(44, 36)
(49, 58)
(49, 44)
(51, 56)
(28, 34)
(43, 50)
(34, 35)
(36, 42)
(35, 44)
(35, 50)
(28, 46)
(49, 54)
(33, 54)
(42, 53)
(42, 47)
(39, 54)
(38, 51)
(47, 38)
(31, 40)
(50, 46)
(36, 46)
(35, 64)
(40, 42)
(37, 45)
(27, 34)
(43, 52)
(31, 39)
(33, 53)
(50, 54)
(34, 32)
(35, 44)
(34, 46)
(40, 52)
(47, 57)
(41, 46)
(27, 38)
(39, 43)
(57, 57)
(35, 52)
(52, 51)
(50, 62)
(51, 50)
(44, 55)
(35, 44)
(44, 55)
(29, 40)
(39, 54)
(21, 40)
(28, 34)
(39, 64)
(31, 50)
(35, 43)
(32, 43)
(34, 43)
(41, 46)
(30, 40)
(60, 45)
(39, 50)
(37, 40)
(33, 44)
(55, 53)
(34, 42)
(26, 38)
(31, 43)
(38, 38)
(45, 46)
(46, 52)
(33, 44)
(29, 45)
(42, 51)
(29, 39)
(38, 46)
(38, 42)
(48, 46)
(26, 41)
(56, 47)
(44, 47)
(30, 51)
(35, 39)
(42, 49)
(26, 54)
(37, 44)
(54, 66)
(30, 39)
(36, 45)
(45, 48)
(60, 64)
(44, 58)
(34, 48)
(27, 40)
(44, 55)
(31, 45)
(49, 48)
(31, 38)
(50, 51)
(33, 46)
(41, 51)
(36, 51)
(49, 58)
(36, 50)
(37, 44)
(31, 49)
(50, 58)
(40, 54)
(42, 53)
(35, 45)
(39, 51)
(41, 48)
(39, 47)
(35, 43)
(34, 43)
(37, 49)
(37, 43)
(39, 51)
(40, 51)
(29, 43)
(36, 39)
(45, 57)
(47, 52)
(31, 33)
(31, 38)
(48, 42)
(39, 62)
(39, 37)
(43, 51)
(42, 50)
(34, 42)
(63, 50)
(34, 47)
(39, 44)
(44, 69)
(44, 42)
(38, 49)
(30, 44)
(33, 47)
(44, 50)
(35, 39)
(30, 37)
(41, 60)
(36, 47)
(33, 40)
(32, 36)
(59, 51)
(28, 47)
(34, 45)
(33, 43)
(29, 36)
(49, 62)
(40, 54)
(39, 46)
(38, 46)
(33, 35)
(40, 42)
(31, 43)
(30, 43)
(48, 46)
(47, 44)
(42, 49)
(32, 42)
(61, 48)
(46, 52)
(34, 45)
(44, 49)
(34, 48)
(30, 58)
(28, 34)
(23, 34)
(36, 49)
(22, 35)
(40, 58)
(32, 44)
(47, 44)
(51, 38)
(31, 60)
(44, 63)
(31, 40)
(33, 51)
(33, 44)
(28, 41)
(50, 54)
(45, 57)
(27, 39)
(46, 45)
(29, 41)
(50, 52)
(42, 45)
(44, 59)
(26, 33)
(35, 34)
(29, 51)
(52, 43)
(39, 42)
(55, 78)
(36, 56)
(61, 47)
(51, 48)
(32, 51)
(36, 41)
(37, 44)
(29, 48)
(39, 55)
(53, 40)
(38, 51)
(51, 53)
(61, 47)
(37, 42)
(49, 62)
(32, 43)
(53, 49)
(28, 47)
(42, 52)
(37, 49)
(30, 44)
(28, 38)
(36, 60)
(49, 63)
(33, 45)
(41, 58)
(34, 55)
(41, 50)
(46, 56)
(52, 60)
(23, 48)
(36, 57)
(47, 49)
(31, 54)
(51, 53)
(56, 53)
(47, 68)
(33, 57)
(33, 50)
(35, 42)
(32, 57)
(45, 43)
(37, 49)
(54, 45)
(30, 36)
(53, 60)
(53, 59)
(35, 57)
(46, 35)
(36, 41)
(29, 30)
(55, 55)
(39, 45)
(44, 71)
(59, 49)
(43, 64)
(36, 48)
(34, 50)
(35, 51)
(39, 63)
(41, 60)
(58, 71)
(44, 66)
(32, 33)
(36, 53)
(43, 62)
(35, 65)
(46, 45)
(45, 37)
(39, 48)
(37, 44)
(39, 49)
(45, 55)
(42, 65)
(53, 42)
(47, 64)
(32, 42)
(46, 44)
(40, 57)
(43, 60)
(31, 46)
(39, 49)
(37, 54)
(33, 64)
(45, 60)
(26, 36)
(36, 58)
(33, 43)
(53, 59)
(51, 56)
(24, 41)
(54, 50)
(35, 50)
(35, 62)
(29, 36)
(30, 45)
(44, 37)
(39, 60)
(31, 63)
(38, 60)
(30, 43)
(37, 53)
(40, 41)
(58, 52)
(44, 67)
(39, 47)
(51, 57)
(32, 47)
(59, 53)
(56, 44)
(36, 48)
(50, 50)
(46, 58)
(37, 44)
(54, 81)
(45, 45)
(37, 37)
(31, 47)
(48, 50)
(39, 51)
(45, 60)
(39, 53)
(46, 57)
(41, 52)
(40, 42)
(38, 52)
(28, 35)
(53, 60)
(67, 52)
(53, 58)
(36, 43)
(35, 46)
(53, 57)
(24, 50)
(36, 36)
(40, 33)
(42, 47)
(39, 51)
(52, 60)
(39, 43)
(58, 65)
(37, 58)
(46, 53)
(31, 58)
(34, 59)
(37, 42)
(43, 52)
(38, 53)
(49, 47)
(61, 62)
(35, 63)
(37, 51)
(48, 45)
(23, 37)
(51, 60)
(44, 58)
(53, 54)
(23, 44)
(41, 64)
(35, 48)
(32, 35)
(41, 50)
(31, 46)
(25, 39)
(53, 63)
(34, 57)
(32, 43)
(39, 65)
(46, 57)
(44, 64)
(37, 63)
(25, 37)
(54, 53)
(54, 50)
(38, 61)
(41, 50)
(34, 49)
(42, 63)
(27, 46)
(51, 60)
(50, 63)
(33, 35)
(34, 36)
(40, 35)
(33, 54)
(43, 53)
(39, 61)
(57, 70)
(51, 58)
(43, 63)
(38, 50)
(39, 46)
(32, 58)
(50, 65)
(36, 58)
(42, 64)
(49, 50)
(49, 57)
(43, 53)
(44, 58)
(89, 75)
(62, 56)
(59, 38)
(36, 34)
(36, 53)
(58, 43)
(44, 33)
(45, 47)
(56, 47)
(43, 47)
(50, 48)
(41, 39)
(55, 54)
(34, 41)
(44, 55)
(69, 42)
(62, 47)
(38, 47)
(50, 46)
(42, 39)
(53, 46)
(43, 50)
(36, 33)
(49, 48)
(46, 45)
(63, 47)
(58, 43)
(72, 55)
(48, 44)
(48, 49)
(38, 38)
(53, 52)
(45, 37)
(51, 36)
(62, 55)
(37, 57)
(45, 47)
(60, 53)
(27, 35)
(47, 52)
(29, 37)
(61, 46)
(46, 49)
(30, 41)
(41, 55)
(36, 43)
(50, 42)
(54, 50)
(73, 42)
(47, 44)
(66, 49)
(57, 46)
(42, 53)
(56, 45)
(51, 45)
(51, 40)
(60, 48)
(48, 33)
(48, 38)
(43, 49)
(41, 49)
(30, 35)
(43, 42)
(40, 40)
(68, 52)
(62, 44)
(50, 70)
(32, 38)
(62, 35)
(40, 41)
(35, 34)
(42, 49)
(43, 43)
(55, 41)
(49, 48)
(49, 30)
(75, 48)
(35, 33)
(41, 48)
(36, 38)
(26, 39)
(53, 37)
(49, 43)
(51, 47)
(55, 48)
(50, 44)
(56, 43)
(45, 37)
(42, 44)
(38, 53)
(39, 39)
(32, 52)
(39, 31)
(40, 49)
(55, 61)
(64, 57)
(45, 44)
(27, 37)
(45, 46)
(45, 40)
(51, 47)
(34, 35)
(28, 40)
(60, 39)
(48, 30)
(45, 53)
(62, 41)
(73, 45)
(26, 46)
(48, 35)
(55, 39)
(73, 39)
(59, 46)
(57, 51)
(52, 34)
(27, 42)
(74, 51)
(50, 53)
(47, 40)
(70, 41)
(42, 38)
(37, 42)
(45, 33)
(63, 48)
(66, 49)
(55, 59)
(44, 44)
(52, 46)
(46, 40)
(39, 51)
(41, 46)
(75, 59)
(41, 41)
(27, 34)
(45, 55)
(71, 44)
(47, 33)
(52, 50)
(52, 49)
(45, 42)
(48, 57)
(54, 40)
(52, 50)
(45, 58)
(42, 54)
(47, 37)
(54, 55)
(36, 60)
(59, 48)
(72, 49)
(45, 38)
(43, 48)
(71, 56)
(43, 48)
(28, 40)
(32, 42)
(58, 47)
(37, 46)
(38, 40)
(58, 52)
(55, 27)
(44, 34)
(37, 49)
(29, 37)
(53, 44)
(53, 42)
(55, 46)
(44, 52)
(65, 53)
(39, 37)
(35, 46)
(49, 46)
(58, 50)
(39, 40)
(48, 40)
(35, 56)
(42, 42)
(64, 46)
(31, 42)
(33, 41)
(80, 65)
(49, 49)
(41, 36)
(57, 47)
(42, 38)
(74, 52)
(34, 43)
(62, 45)
(76, 45)
(56, 56)
(59, 49)
(72, 45)
(43, 50)
(35, 50)
(37, 42)
(32, 46)
(67, 39)
(40, 44)
(43, 40)
(48, 33)
(29, 43)
(20, 31)
(42, 42)
(32, 61)
(19, 31)
(34, 42)
(42, 52)
(37, 57)
(28, 49)
(40, 71)
(20, 34)
(31, 39)
(28, 51)
(41, 48)
(39, 52)
(33, 35)
(41, 46)
(35, 45)
(28, 36)
(33, 42)
(56, 57)
(32, 30)
(53, 81)
(34, 57)
(35, 49)
(24, 42)
(38, 42)
(43, 47)
(27, 37)
(36, 47)
(38, 54)
(35, 54)
(46, 45)
(24, 37)
(34, 61)
(42, 41)
(48, 62)
(30, 47)
(31, 44)
(32, 40)
(33, 47)
(36, 40)
(35, 47)
(38, 48)
(40, 42)
(36, 59)
(40, 44)
(38, 49)
(43, 61)
(39, 46)
(29, 39)
(27, 53)
(31, 53)
(35, 44)
(31, 42)
(25, 46)
(34, 47)
(33, 40)
(36, 54)
(25, 33)
(47, 53)
(38, 52)
(33, 62)
(38, 54)
(25, 40)
(32, 45)
(29, 37)
(33, 46)
(35, 64)
(33, 54)
(30, 42)
(35, 51)
(37, 58)
(37, 37)
(43, 49)
(50, 44)
(23, 41)
(36, 61)
(42, 56)
(26, 30)
(26, 47)
(37, 51)
(35, 58)
(28, 44)
(38, 54)
(34, 54)
(40, 61)
(36, 54)
(30, 34)
(33, 42)
(27, 46)
(33, 46)
(38, 55)
(38, 47)
(61, 65)
(37, 38)
(30, 39)
(33, 48)
(31, 55)
(43, 50)
(33, 45)
(39, 52)
(39, 39)
(39, 44)
(45, 48)
(38, 42)
(38, 44)
(26, 32)
(41, 49)
(31, 52)
(34, 47)
(29, 49)
(28, 41)
(36, 57)
(30, 43)
(41, 62)
(32, 44)
(33, 45)
(45, 65)
(34, 57)
(35, 48)
(35, 38)
(48, 56)
(40, 54)
(33, 48)
(37, 43)
(33, 48)
(28, 38)
(41, 47)
(40, 54)
(28, 40)
(39, 51)
(24, 47)
(37, 62)
(61, 61)
(40, 44)
(37, 47)
(30, 43)
(31, 44)
(27, 44)
(28, 47)
(24, 35)
(45, 53)
(36, 51)
(36, 47)
(35, 35)
(32, 44)
(38, 41)
(24, 43)
(47, 52)
(27, 42)
(27, 43)
(37, 41)
(37, 46)
(36, 52)
(38, 48)
(39, 54)
(29, 47)
(41, 68)
(41, 46)
(22, 40)
(32, 44)
(36, 58)
(30, 49)
(29, 43)
(23, 36)
(34, 50)
(36, 45)
(46, 59)
(39, 48)
(35, 44)
(41, 43)
(35, 45)
(27, 41)
(33, 40)
(24, 36)
(32, 45)
(35, 38)
(36, 53)
(33, 37)
(44, 51)
(29, 59)
(45, 64)
(40, 56)
(40, 51)
(40, 46)
(42, 52)
(27, 34)
(38, 45)
(31, 46)
(39, 50)
(38, 62)
(31, 48)
(24, 33)
(27, 38)
(32, 54)
(34, 58)
(41, 53)
(25, 53)
(33, 44)
(30, 41)
(23, 36)
(33, 51)
(43, 60)
(34, 41)
(37, 43)
(33, 49)
(24, 43)
(25, 36)
(41, 48)
(20, 35)
(38, 57)
(21, 46)
(34, 43)
(28, 40)
(36, 44)
(46, 61)
(25, 47)
(31, 40)
(34, 33)
(34, 40)
(29, 29)
(34, 38)
(36, 53)
(42, 46)
(25, 39)
(54, 62)
(36, 60)
(31, 39)
(41, 62)
(32, 60)
(26, 54)
(33, 53)
(29, 47)
(38, 35)
(39, 43)
(29, 36)
(45, 48)
(37, 45)
(47, 61)
(26, 34)
(33, 56)
(54, 47)
(41, 42)
(32, 57)
(43, 53)
(31, 51)
(29, 37)
(29, 36)
(30, 43)
(40, 57)
(32, 36)
(27, 51)
(26, 35)
(41, 53)
(34, 57)
(38, 53)
(33, 53)
(28, 36)
(26, 46)
(26, 36)
(34, 52)
(27, 49)
(33, 46)
(28, 38)
(34, 37)
(30, 38)
(27, 41)
(37, 39)
(28, 58)
(35, 43)
(48, 62)
(49, 52)
(41, 46)
(42, 57)
(38, 52)
(37, 38)
(25, 43)
(48, 48)
(30, 41)
(30, 46)
(40, 48)
(44, 51)
(43, 54)
(42, 61)
(33, 37)
(33, 59)
(32, 48)
(27, 42)
(36, 40)
(28, 48)
(53, 53)
(36, 34)
(39, 52)
(33, 68)
(26, 33)
(42, 44)
(34, 53)
(37, 33)
(40, 50)
(47, 52)
(28, 39)
(38, 33)
(41, 54)
(42, 72)
(34, 46)
(41, 47)
(33, 30)
(47, 50)
(34, 47)
(49, 54)
(38, 44)
(36, 44)
(38, 50)
(35, 39)
(42, 57)
(30, 61)
(32, 42)
(30, 28)
(33, 57)
(23, 33)
(32, 59)
(38, 50)
(40, 46)
(31, 36)
(33, 42)
(40, 60)
(48, 50)
(24, 50)
(29, 48)
(24, 41)
(31, 41)
(26, 42)
(46, 52)
(44, 48)
(37, 36)
(34, 62)
(41, 46)
(23, 53)
(25, 44)
(37, 52)
(31, 47)
(32, 50)
(41, 48)
(20, 43)
(33, 46)
(42, 51)
(28, 52)
(33, 57)
(43, 48)
(41, 51)
(33, 45)
(32, 39)
(25, 38)
(31, 45)
(29, 47)
(41, 37)
(49, 48)
(24, 35)
(36, 54)
(30, 52)
(30, 57)
(31, 47)
(45, 57)
(24, 42)
(41, 61)
(39, 59)
(40, 54)
(43, 50)
(40, 38)
(42, 51)
(34, 41)
(33, 63)
(31, 45)
(51, 45)
(33, 54)
(30, 45)
(35, 39)
(33, 49)
(42, 54)
(28, 43)
(31, 39)
(42, 55)
(33, 43)
(31, 42)
(29, 57)
(35, 60)
(35, 53)
(27, 36)
(36, 38)
(26, 40)
(44, 53)
(46, 48)
(28, 40)
(31, 50)
(41, 56)
(27, 49)
(34, 40)
(36, 51)
(30, 49)
(26, 39)
(45, 62)
(29, 52)
(32, 66)
(46, 57)
(32, 39)
(36, 43)
(36, 42)
(64, 58)
(41, 53)
(44, 53)
(33, 44)
(43, 46)
(47, 56)
(27, 51)
(49, 50)
(34, 39)
(38, 56)
(41, 49)
(42, 42)
(26, 49)
(47, 55)
(41, 61)
(28, 50)
(57, 59)
(36, 62)
(44, 42)
(40, 59)
(31, 47)
(34, 48)
(46, 56)
(41, 43)
(24, 49)
(38, 55)
(21, 31)
(34, 50)
(30, 47)
(31, 40)
(41, 47)
(37, 43)
(37, 37)
(34, 48)
(43, 47)
(44, 50)
(29, 51)
(45, 49)
(35, 48)
(40, 50)
(38, 57)
(26, 41)
(61, 48)
(42, 49)
(48, 64)
(42, 58)
(29, 53)
(47, 58)
(35, 46)
(37, 43)
(31, 48)
(36, 43)
(31, 54)
(33, 43)
(41, 51)
(48, 48)
(42, 55)
(34, 56)
(42, 40)
(24, 39)
(50, 42)
(30, 48)
(51, 49)
(58, 51)
(28, 42)
(40, 48)
(32, 55)
(31, 48)
(38, 57)
(39, 59)
(30, 33)
(37, 57)
(41, 46)
(35, 59)
(30, 51)
(44, 58)
(31, 46)
(29, 43)
(31, 48)
(37, 44)
(22, 36)
(41, 64)
(57, 52)
(39, 49)
(48, 52)
(39, 58)
(42, 63)
(42, 40)
(29, 44)
(41, 48)
(33, 44)
(41, 53)
(40, 47)
(44, 65)
(33, 49)
(48, 46)
(51, 58)
(37, 55)
(48, 49)
(42, 64)
(41, 42)
(37, 53)
(38, 43)
(40, 55)
(38, 60)
(37, 52)
(36, 47)
(39, 55)
(45, 66)
(42, 36)
(45, 59)
(40, 52)
(51, 51)
(59, 57)
(33, 45)
(39, 62)
(40, 57)
(34, 48)
(40, 46)
(30, 38)
(51, 51)
(20, 37)
(29, 41)
(41, 53)
(31, 46)
(35, 51)
(33, 56)
(46, 57)
(40, 52)
(28, 45)
(32, 36)
(35, 51)
(30, 39)
(45, 62)
(38, 51)
(27, 43)
(38, 73)
(40, 58)
(34, 43)
(28, 35)
(33, 55)
(58, 48)
(26, 48)
(50, 74)
(38, 55)
(38, 43)
(28, 56)
(38, 49)
(33, 50)
(26, 51)
(30, 49)
(38, 52)
(35, 55)
(28, 47)
(40, 51)
(36, 51)
(42, 43)
(27, 44)
(42, 40)
(54, 43)
(32, 45)
(39, 47)
(33, 41)
(36, 50)
(36, 53)
(56, 56)
(48, 43)
(39, 48)
(29, 46)
(33, 45)
(39, 50)
(39, 45)
(48, 62)
(56, 38)
(42, 59)
(40, 47)
(24, 42)
(26, 45)
(43, 61)
(46, 55)
(41, 70)
(54, 53)
(34, 43)
(46, 44)
(31, 47)
(38, 47)
(40, 60)
(47, 45)
(46, 44)
(35, 46)
(33, 57)
(55, 72)
(36, 51)
(40, 53)
(34, 56)
(30, 42)
(39, 52)
(21, 40)
(32, 59)
(46, 57)
(36, 35)
(34, 41)
(34, 52)
(39, 58)
(39, 42)
(32, 37)
(45, 49)
(27, 60)
(29, 48)
(33, 59)
(36, 46)
(30, 34)
(33, 43)
(41, 49)
(45, 52)
(31, 55)
(37, 44)
(35, 57)
(34, 49)
(45, 62)
(30, 58)
(30, 51)
(25, 32)
(34, 53)
(31, 53)
(39, 35)
(37, 51)
(28, 38)
(34, 60)
(32, 46)
(39, 54)
(39, 53)
(31, 46)
(54, 72)
(32, 53)
(33, 44)
(33, 51)
(29, 50)
(38, 46)
(33, 41)
(39, 52)
(24, 47)
(34, 41)
(42, 46)
(43, 77)
(29, 53)
(33, 63)
(42, 56)
(34, 52)
(44, 53)
(35, 53)
(38, 49)
(47, 64)
(33, 53)
(30, 52)
(29, 49)
(46, 57)
(43, 65)
(25, 44)
(29, 42)
(41, 57)
(29, 57)
(38, 49)
(35, 67)
(31, 62)
(38, 38)
(48, 67)
(23, 39)
(29, 46)
(41, 56)
(35, 48)
(48, 60)
(30, 62)
(47, 72)
(30, 53)
(27, 40)
(30, 44)
(37, 48)
(32, 41)
(28, 55)
(29, 51)
(32, 45)
(41, 59)
(34, 66)
(41, 72)
(36, 51)
(26, 60)
(25, 56)
(30, 64)
(35, 56)
(31, 53)
(37, 59)
(30, 45)
(29, 49)
(36, 58)
(43, 58)
(29, 56)
(35, 53)
(35, 54)
(41, 51)
(48, 54)
(31, 48)
(29, 39)
(33, 66)
(42, 52)
(54, 74)
(52, 69)
(31, 47)
(35, 46)
(28, 56)
(39, 61)
(30, 47)
(38, 62)
(35, 49)
(29, 39)
(26, 49)
(37, 61)
(37, 56)
(33, 42)
(44, 59)
(29, 51)
(41, 52)
(42, 65)
(42, 53)
(29, 46)
(37, 43)
(48, 50)
(32, 50)
(40, 50)
(32, 46)
(30, 44)
(28, 40)
(41, 51)
(27, 59)
(45, 74)
(36, 54)
(32, 55)
(33, 45)
(30, 42)
(43, 51)
(44, 57)
(35, 48)
(30, 53)
(30, 43)
(34, 51)
(26, 39)
(55, 46)
(34, 55)
(39, 52)
(32, 61)
(38, 50)
(35, 44)
(33, 53)
(24, 45)
(31, 44)
(30, 41)
(34, 48)
(26, 42)
(30, 49)
(45, 49)
(27, 46)
(26, 39)
(37, 40)
(30, 61)
(32, 50)
(25, 41)
(31, 59)
(23, 44)
(27, 43)
(30, 47)
(40, 53)
(37, 51)
(35, 33)
(30, 50)
(24, 43)
(42, 59)
(28, 47)
(29, 39)
(30, 58)
(39, 59)
(30, 51)
(42, 56)
(28, 32)
(36, 53)
(32, 52)
(36, 54)
(34, 65)
(27, 36)
(41, 50)
(36, 51)
(33, 59)
(32, 61)
(39, 46)
data/cdf0361_07_13_0.tif
((39, 46), 1794)
((32, 40), 1280)
((39, 37), 1443)
((35, 43), 1505)
((24, 35), 840)
((41, 47), 1927)
((36, 34), 1224)
((28, 42), 1176)
((24, 25), 600)
((26, 41), 1066)
((36, 46), 1656)
((20, 36), 720)
((38, 45), 1710)
((37, 41), 1517)
((44, 46), 2024)
((32, 36), 1152)
((40, 35), 1400)
((28, 43), 1204)
((31, 41), 1271)
((32, 34), 1088)
((33, 24), 792)
((33, 46), 1518)
((33, 50), 1650)
((35, 44), 1540)
((44, 40), 1760)
((30, 44), 1320)
((46, 36), 1656)
((26, 30), 780)
((39, 37), 1443)
((42, 37), 1554)
((26, 36), 936)
((27, 29), 783)
((42, 48), 2016)
((40, 34), 1360)
((39, 49), 1911)
((49, 52), 2548)
((36, 35), 1260)
((38, 45), 1710)
((37, 46), 1702)
((37, 37), 1369)
((27, 39), 1053)
((39, 39), 1521)
((41, 33), 1353)
((51, 37), 1887)
((28, 29), 812)
((25, 25), 625)
((36, 47), 1692)
((41, 30), 1230)
((46, 41), 1886)
((36, 34), 1224)
((38, 51), 1938)
((38, 49), 1862)
((38, 34), 1292)
((37, 37), 1369)
((31, 34), 1054)
((29, 35), 1015)
((35, 39), 1365)
((32, 42), 1344)
((35, 46), 1610)
((39, 48), 1872)
((30, 32), 960)
((39, 52), 2028)
((41, 53), 2173)
((41, 43), 1763)
((30, 29), 870)
((32, 37), 1184)
((38, 39), 1482)
((36, 40), 1440)
((41, 43), 1763)
((37, 44), 1628)
((28, 59), 1652)
((43, 40), 1720)
((51, 66), 3366)
((44, 38), 1672)
((36, 31), 1116)
((45, 59), 2655)
((32, 31), 992)
((24, 34), 816)
((34, 34), 1156)
((36, 36), 1296)
((34, 42), 1428)
((33, 36), 1188)
((48, 54), 2592)
((39, 29), 1131)
((21, 27), 567)
((26, 26), 676)
((46, 53), 2438)
((35, 32), 1120)
((35, 46), 1610)
((43, 42), 1806)
((20, 31), 620)
((23, 29), 667)
((51, 52), 2652)
((34, 50), 1700)
((28, 37), 1036)
((28, 38), 1064)
((34, 34), 1156)
((39, 34), 1326)
((34, 39), 1326)
((33, 45), 1485)
((34, 44), 1496)
((40, 39), 1560)
((27, 27), 729)
((43, 50), 2150)
((40, 47), 1880)
((31, 31), 961)
((41, 28), 1148)
((31, 39), 1209)
((52, 51), 2652)
((32, 40), 1280)
((43, 58), 2494)
((31, 38), 1178)
((32, 33), 1056)
((34, 35), 1190)
((40, 38), 1520)
((37, 34), 1258)
((36, 31), 1116)
((42, 43), 1806)
((31, 36), 1116)
((39, 53), 2067)
((33, 31), 1023)
((22, 27), 594)
((30, 31), 930)
((24, 37), 888)
((26, 33), 858)
((39, 37), 1443)
((30, 29), 870)
((30, 39), 1170)
((39, 54), 2106)
((33, 41), 1353)
((41, 48), 1968)
((28, 30), 840)
((34, 42), 1428)
((30, 32), 960)
((45, 31), 1395)
((36, 33), 1188)
((22, 30), 660)
((30, 30), 900)
((31, 29), 899)
((40, 37), 1480)
((35, 34), 1190)
((32, 40), 1280)
((34, 38), 1292)
((31, 36), 1116)
((46, 36), 1656)
((22, 25), 550)
((36, 33), 1188)
((37, 37), 1369)
((36, 41), 1476)
((34, 19), 646)
((51, 59), 3009)
((35, 38), 1330)
((29, 45), 1305)
((42, 38), 1596)
((33, 41), 1353)
((29, 38), 1102)
((43, 43), 1849)
((30, 42), 1260)
((36, 39), 1404)
((37, 48), 1776)
((29, 39), 1131)
((37, 35), 1295)
((30, 27), 810)
((41, 50), 2050)
((31, 39), 1209)
((41, 35), 1435)
((50, 38), 1900)
((40, 42), 1680)
((45, 32), 1440)
((29, 40), 1160)
((55, 47), 2585)
((34, 32), 1088)
((29, 32), 928)
((26, 33), 858)
((32, 39), 1248)
((44, 38), 1672)
((36, 44), 1584)
((24, 34), 816)
((23, 36), 828)
((43, 57), 2451)
((44, 48), 2112)
((45, 49), 2205)
((28, 39), 1092)
((43, 35), 1505)
((33, 43), 1419)
((31, 31), 961)
((32, 32), 1024)
((32, 30), 960)
((60, 66), 3960)
((46, 42), 1932)
((48, 36), 1728)
((31, 43), 1333)
((33, 47), 1551)
((42, 50), 2100)
((37, 35), 1295)
((39, 38), 1482)
((41, 34), 1394)
((35, 47), 1645)
((43, 34), 1462)
((45, 39), 1755)
((16, 50), 800)
((11, 45), 495)
((31, 52), 1612)
((34, 37), 1258)
((25, 37), 925)
((45, 40), 1800)
((22, 48), 1056)
((28, 40), 1120)
((24, 38), 912)
((18, 42), 756)
((18, 46), 828)
((29, 49), 1421)
((14, 43), 602)
((19, 39), 741)
((17, 43), 731)
((9, 32), 288)
((17, 32), 544)
((20, 60), 1200)
((25, 48), 1200)
((24, 51), 1224)
((12, 52), 624)
((10, 42), 420)
((8, 25), 200)
((23, 33), 759)
((13, 31), 403)
((26, 51), 1326)
((21, 31), 651)
((15, 41), 615)
((13, 33), 429)
((25, 49), 1225)
((24, 60), 1440)
((10, 42), 420)
((25, 55), 1375)
((29, 42), 1218)
((11, 40), 440)
((21, 43), 903)
((26, 58), 1508)
((20, 35), 700)
((37, 48), 1776)
((9, 42), 378)
((25, 40), 1000)
((19, 45), 855)
((10, 35), 350)
((21, 47), 987)
((23, 42), 966)
((7, 27), 189)
((33, 45), 1485)
((28, 51), 1428)
((55, 72), 3960)
((13, 50), 650)
((15, 35), 525)
((17, 62), 1054)
((30, 41), 1230)
((24, 38), 912)
((15, 55), 825)
((28, 51), 1428)
((13, 34), 442)
((19, 51), 969)
((29, 47), 1363)
((13, 58), 754)
((29, 41), 1189)
((9, 44), 396)
((27, 41), 1107)
((22, 35), 770)
((27, 46), 1242)
((11, 27), 297)
((14, 37), 518)
((13, 39), 507)
((33, 49), 1617)
((26, 46), 1196)
((24, 44), 1056)
((40, 52), 2080)
((13, 28), 364)
((34, 65), 2210)
((32, 38), 1216)
((12, 37), 444)
((9, 37), 333)
((19, 28), 532)
((22, 38), 836)
((24, 44), 1056)
((8, 51), 408)
((10, 38), 380)
((31, 47), 1457)
((27, 41), 1107)
((9, 45), 405)
((28, 53), 1484)
((21, 29), 609)
((6, 31), 186)
((36, 55), 1980)
((14, 47), 658)
((10, 29), 290)
((13, 39), 507)
((19, 39), 741)
((11, 47), 517)
((13, 67), 871)
((11, 45), 495)
((11, 34), 374)
((37, 44), 1628)
((38, 42), 1596)
((29, 45), 1305)
((14, 45), 630)
((23, 53), 1219)
((13, 54), 702)
((15, 51), 765)
((37, 41), 1517)
((30, 51), 1530)
((20, 32), 640)
((17, 57), 969)
((29, 47), 1363)
((11, 46), 506)
((29, 33), 957)
((8, 42), 336)
((22, 46), 1012)
((32, 45), 1440)
((13, 44), 572)
((31, 51), 1581)
((29, 44), 1276)
((10, 39), 390)
((15, 48), 720)
((21, 39), 819)
((10, 50), 500)
((22, 34), 748)
((9, 43), 387)
((9, 41), 369)
((31, 44), 1364)
((40, 50), 2000)
((24, 34), 816)
((32, 44), 1408)
((14, 34), 476)
((29, 43), 1247)
((29, 47), 1363)
((29, 62), 1798)
((18, 42), 756)
((18, 33), 594)
((10, 30), 300)
((24, 45), 1080)
((24, 43), 1032)
((18, 44), 792)
((11, 64), 704)
((13, 60), 780)
((27, 44), 1188)
((28, 41), 1148)
((29, 48), 1392)
((23, 46), 1058)
((14, 41), 574)
((18, 43), 774)
((10, 38), 380)
((14, 50), 700)
((28, 39), 1092)
((25, 42), 1050)
((22, 35), 770)
((10, 50), 500)
((24, 58), 1392)
((20, 57), 1140)
((39, 55), 2145)
((17, 36), 612)
((23, 45), 1035)
((13, 42), 546)
((11, 30), 330)
((12, 68), 816)
((23, 54), 1242)
((19, 37), 703)
((31, 57), 1767)
((31, 55), 1705)
((28, 42), 1176)
((19, 34), 646)
((27, 50), 1350)
((13, 58), 754)
((18, 40), 720)
((15, 35), 525)
((31, 47), 1457)
((26, 46), 1196)
((9, 41), 369)
((22, 32), 704)
((26, 53), 1378)
((9, 53), 477)
((13, 36), 468)
((13, 42), 546)
((21, 45), 945)
((32, 46), 1472)
((23, 55), 1265)
((24, 45), 1080)
((9, 42), 378)
((20, 38), 760)
((15, 49), 735)
((17, 27), 459)
((14, 44), 616)
((17, 47), 799)
((12, 43), 516)
((17, 34), 578)
((42, 65), 2730)
((14, 33), 462)
((10, 49), 490)
((34, 46), 1564)
((23, 38), 874)
((45, 53), 2385)
((26, 42), 1092)
((24, 47), 1128)
((11, 35), 385)
((1, 28), 28)
((33, 44), 1452)
((49, 32), 1568)
((51, 55), 2805)
((37, 41), 1517)
((50, 51), 2550)
((57, 46), 2622)
((43, 43), 1849)
((36, 32), 1152)
((33, 36), 1188)
((42, 41), 1722)
((39, 41), 1599)
((35, 55), 1925)
((45, 52), 2340)
((47, 42), 1974)
((36, 31), 1116)
((37, 31), 1147)
((42, 44), 1848)
((33, 30), 990)
((40, 54), 2160)
((44, 37), 1628)
((46, 43), 1978)
((39, 44), 1716)
((34, 38), 1292)
((38, 43), 1634)
((28, 43), 1204)
((34, 30), 1020)
((37, 49), 1813)
((57, 53), 3021)
((38, 38), 1444)
((44, 63), 2772)
((51, 43), 2193)
((39, 49), 1911)
((62, 37), 2294)
((48, 51), 2448)
((60, 55), 3300)
((33, 46), 1518)
((37, 50), 1850)
((34, 44), 1496)
((35, 34), 1190)
((42, 33), 1386)
((37, 42), 1554)
((35, 30), 1050)
((28, 35), 980)
((45, 52), 2340)
((43, 39), 1677)
((51, 46), 2346)
((30, 45), 1350)
((27, 29), 783)
((35, 40), 1400)
((43, 40), 1720)
((48, 50), 2400)
((45, 52), 2340)
((48, 45), 2160)
((38, 48), 1824)
((46, 47), 2162)
((42, 38), 1596)
((32, 38), 1216)
((32, 29), 928)
((36, 31), 1116)
((32, 32), 1024)
((39, 47), 1833)
((31, 38), 1178)
((49, 41), 2009)
((49, 44), 2156)
((65, 66), 4290)
((34, 37), 1258)
((32, 31), 992)
((63, 42), 2646)
((38, 61), 2318)
((43, 30), 1290)
((34, 31), 1054)
((33, 41), 1353)
((34, 41), 1394)
((50, 52), 2600)
((53, 60), 3180)
((44, 49), 2156)
((47, 64), 3008)
((49, 50), 2450)
((45, 42), 1890)
((36, 37), 1332)
((42, 46), 1932)
((34, 36), 1224)
((36, 37), 1332)
((32, 42), 1344)
((56, 47), 2632)
((41, 50), 2050)
((40, 37), 1480)
((25, 39), 975)
((41, 35), 1435)
((55, 51), 2805)
((39, 44), 1716)
((36, 34), 1224)
((34, 49), 1666)
((36, 44), 1584)
((35, 35), 1225)
((45, 47), 2115)
((53, 56), 2968)
((41, 43), 1763)
((34, 31), 1054)
((34, 38), 1292)
((44, 47), 2068)
((39, 40), 1560)
((35, 42), 1470)
((34, 38), 1292)
((30, 31), 930)
((49, 43), 2107)
((36, 40), 1440)
((36, 35), 1260)
((41, 39), 1599)
((36, 43), 1548)
((47, 46), 2162)
((35, 39), 1365)
((52, 49), 2548)
((42, 49), 2058)
((45, 48), 2160)
((36, 37), 1332)
((36, 39), 1404)
((41, 40), 1640)
((42, 45), 1890)
((43, 45), 1935)
((38, 45), 1710)
((43, 53), 2279)
((37, 43), 1591)
((52, 40), 2080)
((47, 42), 1974)
((33, 39), 1287)
((42, 47), 1974)
((36, 39), 1404)
((30, 28), 840)
((42, 50), 2100)
((48, 57), 2736)
((42, 47), 1974)
((42, 31), 1302)
((51, 41), 2091)
((48, 52), 2496)
((31, 40), 1240)
((46, 52), 2392)
((42, 57), 2394)
((41, 41), 1681)
((41, 43), 1763)
((35, 30), 1050)
((46, 52), 2392)
((34, 39), 1326)
((41, 48), 1968)
((50, 37), 1850)
((38, 41), 1558)
((33, 46), 1518)
((47, 53), 2491)
((29, 42), 1218)
((49, 54), 2646)
((57, 40), 2280)
((37, 33), 1221)
((36, 37), 1332)
((39, 50), 1950)
((53, 39), 2067)
((57, 37), 2109)
((44, 63), 2772)
((41, 48), 1968)
((99, 63), 6237)
((56, 31), 1736)
((53, 42), 2226)
((37, 35), 1295)
((38, 42), 1596)
((41, 50), 2050)
((34, 43), 1462)
((44, 46), 2024)
((45, 33), 1485)
((37, 42), 1554)
((36, 37), 1332)
((53, 53), 2809)
((30, 49), 1470)
((38, 50), 1900)
((28, 41), 1148)
((67, 56), 3752)
((39, 31), 1209)
((36, 33), 1188)
((37, 48), 1776)
((53, 47), 2491)
((33, 40), 1320)
((32, 43), 1376)
((46, 55), 2530)
((42, 51), 2142)
((31, 56), 1736)
((41, 40), 1640)
((35, 45), 1575)
((29, 54), 1566)
((23, 34), 782)
((41, 53), 2173)
((41, 44), 1804)
((43, 41), 1763)
((42, 49), 2058)
((38, 29), 1102)
((55, 63), 3465)
((34, 42), 1428)
((60, 41), 2460)
((36, 38), 1368)
((33, 31), 1023)
((69, 68), 4692)
((37, 52), 1924)
((35, 32), 1120)
((54, 59), 3186)
((34, 55), 1870)
((33, 36), 1188)
((39, 40), 1560)
((51, 54), 2754)
((44, 49), 2156)
((51, 52), 2652)
((36, 45), 1620)
((44, 36), 1584)
((49, 58), 2842)
((49, 44), 2156)
((51, 56), 2856)
((28, 34), 952)
((43, 50), 2150)
((34, 35), 1190)
((36, 42), 1512)
((35, 44), 1540)
((35, 50), 1750)
((28, 46), 1288)
((49, 54), 2646)
((33, 54), 1782)
((42, 53), 2226)
((42, 47), 1974)
((39, 54), 2106)
((38, 51), 1938)
((47, 38), 1786)
((31, 40), 1240)
((50, 46), 2300)
((36, 46), 1656)
((35, 64), 2240)
((40, 42), 1680)
((37, 45), 1665)
((27, 34), 918)
((43, 52), 2236)
((31, 39), 1209)
((33, 53), 1749)
((50, 54), 2700)
((34, 32), 1088)
((35, 44), 1540)
((34, 46), 1564)
((40, 52), 2080)
((47, 57), 2679)
((41, 46), 1886)
((27, 38), 1026)
((39, 43), 1677)
((57, 57), 3249)
((35, 52), 1820)
((52, 51), 2652)
((50, 62), 3100)
((51, 50), 2550)
((44, 55), 2420)
((35, 44), 1540)
((44, 55), 2420)
((29, 40), 1160)
((39, 54), 2106)
((21, 40), 840)
((28, 34), 952)
((39, 64), 2496)
((31, 50), 1550)
((35, 43), 1505)
((32, 43), 1376)
((34, 43), 1462)
((41, 46), 1886)
((30, 40), 1200)
((60, 45), 2700)
((39, 50), 1950)
((37, 40), 1480)
((33, 44), 1452)
((55, 53), 2915)
((34, 42), 1428)
((26, 38), 988)
((31, 43), 1333)
((38, 38), 1444)
((45, 46), 2070)
((46, 52), 2392)
((33, 44), 1452)
((29, 45), 1305)
((42, 51), 2142)
((29, 39), 1131)
((38, 46), 1748)
((38, 42), 1596)
((48, 46), 2208)
((26, 41), 1066)
((56, 47), 2632)
((44, 47), 2068)
((30, 51), 1530)
((35, 39), 1365)
((42, 49), 2058)
((26, 54), 1404)
((37, 44), 1628)
((54, 66), 3564)
((30, 39), 1170)
((36, 45), 1620)
((45, 48), 2160)
((60, 64), 3840)
((44, 58), 2552)
((34, 48), 1632)
((27, 40), 1080)
((44, 55), 2420)
((31, 45), 1395)
((49, 48), 2352)
((31, 38), 1178)
((50, 51), 2550)
((33, 46), 1518)
((41, 51), 2091)
((36, 51), 1836)
((49, 58), 2842)
((36, 50), 1800)
((37, 44), 1628)
((31, 49), 1519)
((50, 58), 2900)
((40, 54), 2160)
((42, 53), 2226)
((35, 45), 1575)
((39, 51), 1989)
((41, 48), 1968)
((39, 47), 1833)
((35, 43), 1505)
((34, 43), 1462)
((37, 49), 1813)
((37, 43), 1591)
((39, 51), 1989)
((40, 51), 2040)
((29, 43), 1247)
((36, 39), 1404)
((45, 57), 2565)
((47, 52), 2444)
((31, 33), 1023)
((31, 38), 1178)
((48, 42), 2016)
((39, 62), 2418)
((39, 37), 1443)
((43, 51), 2193)
((42, 50), 2100)
((34, 42), 1428)
((63, 50), 3150)
((34, 47), 1598)
((39, 44), 1716)
((44, 69), 3036)
((44, 42), 1848)
((38, 49), 1862)
((30, 44), 1320)
((33, 47), 1551)
((44, 50), 2200)
((35, 39), 1365)
((30, 37), 1110)
((41, 60), 2460)
((36, 47), 1692)
((33, 40), 1320)
((32, 36), 1152)
((59, 51), 3009)
((28, 47), 1316)
((34, 45), 1530)
((33, 43), 1419)
((29, 36), 1044)
((49, 62), 3038)
((40, 54), 2160)
((39, 46), 1794)
((38, 46), 1748)
((33, 35), 1155)
((40, 42), 1680)
((31, 43), 1333)
((30, 43), 1290)
((48, 46), 2208)
((47, 44), 2068)
((42, 49), 2058)
((32, 42), 1344)
((61, 48), 2928)
((46, 52), 2392)
((34, 45), 1530)
((44, 49), 2156)
((34, 48), 1632)
((30, 58), 1740)
((28, 34), 952)
((23, 34), 782)
((36, 49), 1764)
((22, 35), 770)
((40, 58), 2320)
((32, 44), 1408)
((47, 44), 2068)
((51, 38), 1938)
((31, 60), 1860)
((44, 63), 2772)
((31, 40), 1240)
((33, 51), 1683)
((33, 44), 1452)
((28, 41), 1148)
((50, 54), 2700)
((45, 57), 2565)
((27, 39), 1053)
((46, 45), 2070)
((29, 41), 1189)
((50, 52), 2600)
((42, 45), 1890)
((44, 59), 2596)
((26, 33), 858)
((35, 34), 1190)
((29, 51), 1479)
((52, 43), 2236)
((39, 42), 1638)
((55, 78), 4290)
((36, 56), 2016)
((61, 47), 2867)
((51, 48), 2448)
((32, 51), 1632)
((36, 41), 1476)
((37, 44), 1628)
((29, 48), 1392)
((39, 55), 2145)
((53, 40), 2120)
((38, 51), 1938)
((51, 53), 2703)
((61, 47), 2867)
((37, 42), 1554)
((49, 62), 3038)
((32, 43), 1376)
((53, 49), 2597)
((28, 47), 1316)
((42, 52), 2184)
((37, 49), 1813)
((30, 44), 1320)
((28, 38), 1064)
((36, 60), 2160)
((49, 63), 3087)
((33, 45), 1485)
((41, 58), 2378)
((34, 55), 1870)
((41, 50), 2050)
((46, 56), 2576)
((52, 60), 3120)
((23, 48), 1104)
((36, 57), 2052)
((47, 49), 2303)
((31, 54), 1674)
((51, 53), 2703)
((56, 53), 2968)
((47, 68), 3196)
((33, 57), 1881)
((33, 50), 1650)
((35, 42), 1470)
((32, 57), 1824)
((45, 43), 1935)
((37, 49), 1813)
((54, 45), 2430)
((30, 36), 1080)
((53, 60), 3180)
((53, 59), 3127)
((35, 57), 1995)
((46, 35), 1610)
((36, 41), 1476)
((29, 30), 870)
((55, 55), 3025)
((39, 45), 1755)
((44, 71), 3124)
((59, 49), 2891)
((43, 64), 2752)
((36, 48), 1728)
((34, 50), 1700)
((35, 51), 1785)
((39, 63), 2457)
((41, 60), 2460)
((58, 71), 4118)
((44, 66), 2904)
((32, 33), 1056)
((36, 53), 1908)
((43, 62), 2666)
((35, 65), 2275)
((46, 45), 2070)
((45, 37), 1665)
((39, 48), 1872)
((37, 44), 1628)
((39, 49), 1911)
((45, 55), 2475)
((42, 65), 2730)
((53, 42), 2226)
((47, 64), 3008)
((32, 42), 1344)
((46, 44), 2024)
((40, 57), 2280)
((43, 60), 2580)
((31, 46), 1426)
((39, 49), 1911)
((37, 54), 1998)
((33, 64), 2112)
((45, 60), 2700)
((26, 36), 936)
((36, 58), 2088)
((33, 43), 1419)
((53, 59), 3127)
((51, 56), 2856)
((24, 41), 984)
((54, 50), 2700)
((35, 50), 1750)
((35, 62), 2170)
((29, 36), 1044)
((30, 45), 1350)
((44, 37), 1628)
((39, 60), 2340)
((31, 63), 1953)
((38, 60), 2280)
((30, 43), 1290)
((37, 53), 1961)
((40, 41), 1640)
((58, 52), 3016)
((44, 67), 2948)
((39, 47), 1833)
((51, 57), 2907)
((32, 47), 1504)
((59, 53), 3127)
((56, 44), 2464)
((36, 48), 1728)
((50, 50), 2500)
((46, 58), 2668)
((37, 44), 1628)
((54, 81), 4374)
((45, 45), 2025)
((37, 37), 1369)
((31, 47), 1457)
((48, 50), 2400)
((39, 51), 1989)
((45, 60), 2700)
((39, 53), 2067)
((46, 57), 2622)
((41, 52), 2132)
((40, 42), 1680)
((38, 52), 1976)
((28, 35), 980)
((53, 60), 3180)
((67, 52), 3484)
((53, 58), 3074)
((36, 43), 1548)
((35, 46), 1610)
((53, 57), 3021)
((24, 50), 1200)
((36, 36), 1296)
((40, 33), 1320)
((42, 47), 1974)
((39, 51), 1989)
((52, 60), 3120)
((39, 43), 1677)
((58, 65), 3770)
((37, 58), 2146)
((46, 53), 2438)
((31, 58), 1798)
((34, 59), 2006)
((37, 42), 1554)
((43, 52), 2236)
((38, 53), 2014)
((49, 47), 2303)
((61, 62), 3782)
((35, 63), 2205)
((37, 51), 1887)
((48, 45), 2160)
((23, 37), 851)
((51, 60), 3060)
((44, 58), 2552)
((53, 54), 2862)
((23, 44), 1012)
((41, 64), 2624)
((35, 48), 1680)
((32, 35), 1120)
((41, 50), 2050)
((31, 46), 1426)
((25, 39), 975)
((53, 63), 3339)
((34, 57), 1938)
((32, 43), 1376)
((39, 65), 2535)
((46, 57), 2622)
((44, 64), 2816)
((37, 63), 2331)
((25, 37), 925)
((54, 53), 2862)
((54, 50), 2700)
((38, 61), 2318)
((41, 50), 2050)
((34, 49), 1666)
((42, 63), 2646)
((27, 46), 1242)
((51, 60), 3060)
((50, 63), 3150)
((33, 35), 1155)
((34, 36), 1224)
((40, 35), 1400)
((33, 54), 1782)
((43, 53), 2279)
((39, 61), 2379)
((57, 70), 3990)
((51, 58), 2958)
((43, 63), 2709)
((38, 50), 1900)
((39, 46), 1794)
((32, 58), 1856)
((50, 65), 3250)
((36, 58), 2088)
((42, 64), 2688)
((49, 50), 2450)
((49, 57), 2793)
((43, 53), 2279)
((44, 58), 2552)
((89, 75), 6675)
((62, 56), 3472)
((59, 38), 2242)
((36, 34), 1224)
((36, 53), 1908)
((58, 43), 2494)
((44, 33), 1452)
((45, 47), 2115)
((56, 47), 2632)
((43, 47), 2021)
((50, 48), 2400)
((41, 39), 1599)
((55, 54), 2970)
((34, 41), 1394)
((44, 55), 2420)
((69, 42), 2898)
((62, 47), 2914)
((38, 47), 1786)
((50, 46), 2300)
((42, 39), 1638)
((53, 46), 2438)
((43, 50), 2150)
((36, 33), 1188)
((49, 48), 2352)
((46, 45), 2070)
((63, 47), 2961)
((58, 43), 2494)
((72, 55), 3960)
((48, 44), 2112)
((48, 49), 2352)
((38, 38), 1444)
((53, 52), 2756)
((45, 37), 1665)
((51, 36), 1836)
((62, 55), 3410)
((37, 57), 2109)
((45, 47), 2115)
((60, 53), 3180)
((27, 35), 945)
((47, 52), 2444)
((29, 37), 1073)
((61, 46), 2806)
((46, 49), 2254)
((30, 41), 1230)
((41, 55), 2255)
((36, 43), 1548)
((50, 42), 2100)
((54, 50), 2700)
((73, 42), 3066)
((47, 44), 2068)
((66, 49), 3234)
((57, 46), 2622)
((42, 53), 2226)
((56, 45), 2520)
((51, 45), 2295)
((51, 40), 2040)
((60, 48), 2880)
((48, 33), 1584)
((48, 38), 1824)
((43, 49), 2107)
((41, 49), 2009)
((30, 35), 1050)
((43, 42), 1806)
((40, 40), 1600)
((68, 52), 3536)
((62, 44), 2728)
((50, 70), 3500)
((32, 38), 1216)
((62, 35), 2170)
((40, 41), 1640)
((35, 34), 1190)
((42, 49), 2058)
((43, 43), 1849)
((55, 41), 2255)
((49, 48), 2352)
((49, 30), 1470)
((75, 48), 3600)
((35, 33), 1155)
((41, 48), 1968)
((36, 38), 1368)
((26, 39), 1014)
((53, 37), 1961)
((49, 43), 2107)
((51, 47), 2397)
((55, 48), 2640)
((50, 44), 2200)
((56, 43), 2408)
((45, 37), 1665)
((42, 44), 1848)
((38, 53), 2014)
((39, 39), 1521)
((32, 52), 1664)
((39, 31), 1209)
((40, 49), 1960)
((55, 61), 3355)
((64, 57), 3648)
((45, 44), 1980)
((27, 37), 999)
((45, 46), 2070)
((45, 40), 1800)
((51, 47), 2397)
((34, 35), 1190)
((28, 40), 1120)
((60, 39), 2340)
((48, 30), 1440)
((45, 53), 2385)
((62, 41), 2542)
((73, 45), 3285)
((26, 46), 1196)
((48, 35), 1680)
((55, 39), 2145)
((73, 39), 2847)
((59, 46), 2714)
((57, 51), 2907)
((52, 34), 1768)
((27, 42), 1134)
((74, 51), 3774)
((50, 53), 2650)
((47, 40), 1880)
((70, 41), 2870)
((42, 38), 1596)
((37, 42), 1554)
((45, 33), 1485)
((63, 48), 3024)
((66, 49), 3234)
((55, 59), 3245)
((44, 44), 1936)
((52, 46), 2392)
((46, 40), 1840)
((39, 51), 1989)
((41, 46), 1886)
((75, 59), 4425)
((41, 41), 1681)
((27, 34), 918)
((45, 55), 2475)
((71, 44), 3124)
((47, 33), 1551)
((52, 50), 2600)
((52, 49), 2548)
((45, 42), 1890)
((48, 57), 2736)
((54, 40), 2160)
((52, 50), 2600)
((45, 58), 2610)
((42, 54), 2268)
((47, 37), 1739)
((54, 55), 2970)
((36, 60), 2160)
((59, 48), 2832)
((72, 49), 3528)
((45, 38), 1710)
((43, 48), 2064)
((71, 56), 3976)
((43, 48), 2064)
((28, 40), 1120)
((32, 42), 1344)
((58, 47), 2726)
((37, 46), 1702)
((38, 40), 1520)
((58, 52), 3016)
((55, 27), 1485)
((44, 34), 1496)
((37, 49), 1813)
((29, 37), 1073)
((53, 44), 2332)
((53, 42), 2226)
((55, 46), 2530)
((44, 52), 2288)
((65, 53), 3445)
((39, 37), 1443)
((35, 46), 1610)
((49, 46), 2254)
((58, 50), 2900)
((39, 40), 1560)
((48, 40), 1920)
((35, 56), 1960)
((42, 42), 1764)
((64, 46), 2944)
((31, 42), 1302)
((33, 41), 1353)
((80, 65), 5200)
((49, 49), 2401)
((41, 36), 1476)
((57, 47), 2679)
((42, 38), 1596)
((74, 52), 3848)
((34, 43), 1462)
((62, 45), 2790)
((76, 45), 3420)
((56, 56), 3136)
((59, 49), 2891)
((72, 45), 3240)
((43, 50), 2150)
((35, 50), 1750)
((37, 42), 1554)
((32, 46), 1472)
((67, 39), 2613)
((40, 44), 1760)
((43, 40), 1720)
((48, 33), 1584)
((29, 43), 1247)
((20, 31), 620)
((42, 42), 1764)
((32, 61), 1952)
((19, 31), 589)
((34, 42), 1428)
((42, 52), 2184)
((37, 57), 2109)
((28, 49), 1372)
((40, 71), 2840)
((20, 34), 680)
((31, 39), 1209)
((28, 51), 1428)
((41, 48), 1968)
((39, 52), 2028)
((33, 35), 1155)
((41, 46), 1886)
((35, 45), 1575)
((28, 36), 1008)
((33, 42), 1386)
((56, 57), 3192)
((32, 30), 960)
((53, 81), 4293)
((34, 57), 1938)
((35, 49), 1715)
((24, 42), 1008)
((38, 42), 1596)
((43, 47), 2021)
((27, 37), 999)
((36, 47), 1692)
((38, 54), 2052)
((35, 54), 1890)
((46, 45), 2070)
((24, 37), 888)
((34, 61), 2074)
((42, 41), 1722)
((48, 62), 2976)
((30, 47), 1410)
((31, 44), 1364)
((32, 40), 1280)
((33, 47), 1551)
((36, 40), 1440)
((35, 47), 1645)
((38, 48), 1824)
((40, 42), 1680)
((36, 59), 2124)
((40, 44), 1760)
((38, 49), 1862)
((43, 61), 2623)
((39, 46), 1794)
((29, 39), 1131)
((27, 53), 1431)
((31, 53), 1643)
((35, 44), 1540)
((31, 42), 1302)
((25, 46), 1150)
((34, 47), 1598)
((33, 40), 1320)
((36, 54), 1944)
((25, 33), 825)
((47, 53), 2491)
((38, 52), 1976)
((33, 62), 2046)
((38, 54), 2052)
((25, 40), 1000)
((32, 45), 1440)
((29, 37), 1073)
((33, 46), 1518)
((35, 64), 2240)
((33, 54), 1782)
((30, 42), 1260)
((35, 51), 1785)
((37, 58), 2146)
((37, 37), 1369)
((43, 49), 2107)
((50, 44), 2200)
((23, 41), 943)
((36, 61), 2196)
((42, 56), 2352)
((26, 30), 780)
((26, 47), 1222)
((37, 51), 1887)
((35, 58), 2030)
((28, 44), 1232)
((38, 54), 2052)
((34, 54), 1836)
((40, 61), 2440)
((36, 54), 1944)
((30, 34), 1020)
((33, 42), 1386)
((27, 46), 1242)
((33, 46), 1518)
((38, 55), 2090)
((38, 47), 1786)
((61, 65), 3965)
((37, 38), 1406)
((30, 39), 1170)
((33, 48), 1584)
((31, 55), 1705)
((43, 50), 2150)
((33, 45), 1485)
((39, 52), 2028)
((39, 39), 1521)
((39, 44), 1716)
((45, 48), 2160)
((38, 42), 1596)
((38, 44), 1672)
((26, 32), 832)
((41, 49), 2009)
((31, 52), 1612)
((34, 47), 1598)
((29, 49), 1421)
((28, 41), 1148)
((36, 57), 2052)
((30, 43), 1290)
((41, 62), 2542)
((32, 44), 1408)
((33, 45), 1485)
((45, 65), 2925)
((34, 57), 1938)
((35, 48), 1680)
((35, 38), 1330)
((48, 56), 2688)
((40, 54), 2160)
((33, 48), 1584)
((37, 43), 1591)
((33, 48), 1584)
((28, 38), 1064)
((41, 47), 1927)
((40, 54), 2160)
((28, 40), 1120)
((39, 51), 1989)
((24, 47), 1128)
((37, 62), 2294)
((61, 61), 3721)
((40, 44), 1760)
((37, 47), 1739)
((30, 43), 1290)
((31, 44), 1364)
((27, 44), 1188)
((28, 47), 1316)
((24, 35), 840)
((45, 53), 2385)
((36, 51), 1836)
((36, 47), 1692)
((35, 35), 1225)
((32, 44), 1408)
((38, 41), 1558)
((24, 43), 1032)
((47, 52), 2444)
((27, 42), 1134)
((27, 43), 1161)
((37, 41), 1517)
((37, 46), 1702)
((36, 52), 1872)
((38, 48), 1824)
((39, 54), 2106)
((29, 47), 1363)
((41, 68), 2788)
((41, 46), 1886)
((22, 40), 880)
((32, 44), 1408)
((36, 58), 2088)
((30, 49), 1470)
((29, 43), 1247)
((23, 36), 828)
((34, 50), 1700)
((36, 45), 1620)
((46, 59), 2714)
((39, 48), 1872)
((35, 44), 1540)
((41, 43), 1763)
((35, 45), 1575)
((27, 41), 1107)
((33, 40), 1320)
((24, 36), 864)
((32, 45), 1440)
((35, 38), 1330)
((36, 53), 1908)
((33, 37), 1221)
((44, 51), 2244)
((29, 59), 1711)
((45, 64), 2880)
((40, 56), 2240)
((40, 51), 2040)
((40, 46), 1840)
((42, 52), 2184)
((27, 34), 918)
((38, 45), 1710)
((31, 46), 1426)
((39, 50), 1950)
((38, 62), 2356)
((31, 48), 1488)
((24, 33), 792)
((27, 38), 1026)
((32, 54), 1728)
((34, 58), 1972)
((41, 53), 2173)
((25, 53), 1325)
((33, 44), 1452)
((30, 41), 1230)
((23, 36), 828)
((33, 51), 1683)
((43, 60), 2580)
((34, 41), 1394)
((37, 43), 1591)
((33, 49), 1617)
((24, 43), 1032)
((25, 36), 900)
((41, 48), 1968)
((20, 35), 700)
((38, 57), 2166)
((21, 46), 966)
((34, 43), 1462)
((28, 40), 1120)
((36, 44), 1584)
((46, 61), 2806)
((25, 47), 1175)
((31, 40), 1240)
((34, 33), 1122)
((34, 40), 1360)
((29, 29), 841)
((34, 38), 1292)
((36, 53), 1908)
((42, 46), 1932)
((25, 39), 975)
((54, 62), 3348)
((36, 60), 2160)
((31, 39), 1209)
((41, 62), 2542)
((32, 60), 1920)
((26, 54), 1404)
((33, 53), 1749)
((29, 47), 1363)
((38, 35), 1330)
((39, 43), 1677)
((29, 36), 1044)
((45, 48), 2160)
((37, 45), 1665)
((47, 61), 2867)
((26, 34), 884)
((33, 56), 1848)
((54, 47), 2538)
((41, 42), 1722)
((32, 57), 1824)
((43, 53), 2279)
((31, 51), 1581)
((29, 37), 1073)
((29, 36), 1044)
((30, 43), 1290)
((40, 57), 2280)
((32, 36), 1152)
((27, 51), 1377)
((26, 35), 910)
((41, 53), 2173)
((34, 57), 1938)
((38, 53), 2014)
((33, 53), 1749)
((28, 36), 1008)
((26, 46), 1196)
((26, 36), 936)
((34, 52), 1768)
((27, 49), 1323)
((33, 46), 1518)
((28, 38), 1064)
((34, 37), 1258)
((30, 38), 1140)
((27, 41), 1107)
((37, 39), 1443)
((28, 58), 1624)
((35, 43), 1505)
((48, 62), 2976)
((49, 52), 2548)
((41, 46), 1886)
((42, 57), 2394)
((38, 52), 1976)
((37, 38), 1406)
((25, 43), 1075)
((48, 48), 2304)
((30, 41), 1230)
((30, 46), 1380)
((40, 48), 1920)
((44, 51), 2244)
((43, 54), 2322)
((42, 61), 2562)
((33, 37), 1221)
((33, 59), 1947)
((32, 48), 1536)
((27, 42), 1134)
((36, 40), 1440)
((28, 48), 1344)
((53, 53), 2809)
((36, 34), 1224)
((39, 52), 2028)
((33, 68), 2244)
((26, 33), 858)
((42, 44), 1848)
((34, 53), 1802)
((37, 33), 1221)
((40, 50), 2000)
((47, 52), 2444)
((28, 39), 1092)
((38, 33), 1254)
((41, 54), 2214)
((42, 72), 3024)
((34, 46), 1564)
((41, 47), 1927)
((33, 30), 990)
((47, 50), 2350)
((34, 47), 1598)
((49, 54), 2646)
((38, 44), 1672)
((36, 44), 1584)
((38, 50), 1900)
((35, 39), 1365)
((42, 57), 2394)
((30, 61), 1830)
((32, 42), 1344)
((30, 28), 840)
((33, 57), 1881)
((23, 33), 759)
((32, 59), 1888)
((38, 50), 1900)
((40, 46), 1840)
((31, 36), 1116)
((33, 42), 1386)
((40, 60), 2400)
((48, 50), 2400)
((24, 50), 1200)
((29, 48), 1392)
((24, 41), 984)
((31, 41), 1271)
((26, 42), 1092)
((46, 52), 2392)
((44, 48), 2112)
((37, 36), 1332)
((34, 62), 2108)
((41, 46), 1886)
((23, 53), 1219)
((25, 44), 1100)
((37, 52), 1924)
((31, 47), 1457)
((32, 50), 1600)
((41, 48), 1968)
((20, 43), 860)
((33, 46), 1518)
((42, 51), 2142)
((28, 52), 1456)
((33, 57), 1881)
((43, 48), 2064)
((41, 51), 2091)
((33, 45), 1485)
((32, 39), 1248)
((25, 38), 950)
((31, 45), 1395)
((29, 47), 1363)
((41, 37), 1517)
((49, 48), 2352)
((24, 35), 840)
((36, 54), 1944)
((30, 52), 1560)
((30, 57), 1710)
((31, 47), 1457)
((45, 57), 2565)
((24, 42), 1008)
((41, 61), 2501)
((39, 59), 2301)
((40, 54), 2160)
((43, 50), 2150)
((40, 38), 1520)
((42, 51), 2142)
((34, 41), 1394)
((33, 63), 2079)
((31, 45), 1395)
((51, 45), 2295)
((33, 54), 1782)
((30, 45), 1350)
((35, 39), 1365)
((33, 49), 1617)
((42, 54), 2268)
((28, 43), 1204)
((31, 39), 1209)
((42, 55), 2310)
((33, 43), 1419)
((31, 42), 1302)
((29, 57), 1653)
((35, 60), 2100)
((35, 53), 1855)
((27, 36), 972)
((36, 38), 1368)
((26, 40), 1040)
((44, 53), 2332)
((46, 48), 2208)
((28, 40), 1120)
((31, 50), 1550)
((41, 56), 2296)
((27, 49), 1323)
((34, 40), 1360)
((36, 51), 1836)
((30, 49), 1470)
((26, 39), 1014)
((45, 62), 2790)
((29, 52), 1508)
((32, 66), 2112)
((46, 57), 2622)
((32, 39), 1248)
((36, 43), 1548)
((36, 42), 1512)
((64, 58), 3712)
((41, 53), 2173)
((44, 53), 2332)
((33, 44), 1452)
((43, 46), 1978)
((47, 56), 2632)
((27, 51), 1377)
((49, 50), 2450)
((34, 39), 1326)
((38, 56), 2128)
((41, 49), 2009)
((42, 42), 1764)
((26, 49), 1274)
((47, 55), 2585)
((41, 61), 2501)
((28, 50), 1400)
((57, 59), 3363)
((36, 62), 2232)
((44, 42), 1848)
((40, 59), 2360)
((31, 47), 1457)
((34, 48), 1632)
((46, 56), 2576)
((41, 43), 1763)
((24, 49), 1176)
((38, 55), 2090)
((21, 31), 651)
((34, 50), 1700)
((30, 47), 1410)
((31, 40), 1240)
((41, 47), 1927)
((37, 43), 1591)
((37, 37), 1369)
((34, 48), 1632)
((43, 47), 2021)
((44, 50), 2200)
((29, 51), 1479)
((45, 49), 2205)
((35, 48), 1680)
((40, 50), 2000)
((38, 57), 2166)
((26, 41), 1066)
((61, 48), 2928)
((42, 49), 2058)
((48, 64), 3072)
((42, 58), 2436)
((29, 53), 1537)
((47, 58), 2726)
((35, 46), 1610)
((37, 43), 1591)
((31, 48), 1488)
((36, 43), 1548)
((31, 54), 1674)
((33, 43), 1419)
((41, 51), 2091)
((48, 48), 2304)
((42, 55), 2310)
((34, 56), 1904)
((42, 40), 1680)
((24, 39), 936)
((50, 42), 2100)
((30, 48), 1440)
((51, 49), 2499)
((58, 51), 2958)
((28, 42), 1176)
((40, 48), 1920)
((32, 55), 1760)
((31, 48), 1488)
((38, 57), 2166)
((39, 59), 2301)
((30, 33), 990)
((37, 57), 2109)
((41, 46), 1886)
((35, 59), 2065)
((30, 51), 1530)
((44, 58), 2552)
((31, 46), 1426)
((29, 43), 1247)
((31, 48), 1488)
((37, 44), 1628)
((22, 36), 792)
((41, 64), 2624)
((57, 52), 2964)
((39, 49), 1911)
((48, 52), 2496)
((39, 58), 2262)
((42, 63), 2646)
((42, 40), 1680)
((29, 44), 1276)
((41, 48), 1968)
((33, 44), 1452)
((41, 53), 2173)
((40, 47), 1880)
((44, 65), 2860)
((33, 49), 1617)
((48, 46), 2208)
((51, 58), 2958)
((37, 55), 2035)
((48, 49), 2352)
((42, 64), 2688)
((41, 42), 1722)
((37, 53), 1961)
((38, 43), 1634)
((40, 55), 2200)
((38, 60), 2280)
((37, 52), 1924)
((36, 47), 1692)
((39, 55), 2145)
((45, 66), 2970)
((42, 36), 1512)
((45, 59), 2655)
((40, 52), 2080)
((51, 51), 2601)
((59, 57), 3363)
((33, 45), 1485)
((39, 62), 2418)
((40, 57), 2280)
((34, 48), 1632)
((40, 46), 1840)
((30, 38), 1140)
((51, 51), 2601)
((20, 37), 740)
((29, 41), 1189)
((41, 53), 2173)
((31, 46), 1426)
((35, 51), 1785)
((33, 56), 1848)
((46, 57), 2622)
((40, 52), 2080)
((28, 45), 1260)
((32, 36), 1152)
((35, 51), 1785)
((30, 39), 1170)
((45, 62), 2790)
((38, 51), 1938)
((27, 43), 1161)
((38, 73), 2774)
((40, 58), 2320)
((34, 43), 1462)
((28, 35), 980)
((33, 55), 1815)
((58, 48), 2784)
((26, 48), 1248)
((50, 74), 3700)
((38, 55), 2090)
((38, 43), 1634)
((28, 56), 1568)
((38, 49), 1862)
((33, 50), 1650)
((26, 51), 1326)
((30, 49), 1470)
((38, 52), 1976)
((35, 55), 1925)
((28, 47), 1316)
((40, 51), 2040)
((36, 51), 1836)
((42, 43), 1806)
((27, 44), 1188)
((42, 40), 1680)
((54, 43), 2322)
((32, 45), 1440)
((39, 47), 1833)
((33, 41), 1353)
((36, 50), 1800)
((36, 53), 1908)
((56, 56), 3136)
((48, 43), 2064)
((39, 48), 1872)
((29, 46), 1334)
((33, 45), 1485)
((39, 50), 1950)
((39, 45), 1755)
((48, 62), 2976)
((56, 38), 2128)
((42, 59), 2478)
((40, 47), 1880)
((24, 42), 1008)
((26, 45), 1170)
((43, 61), 2623)
((46, 55), 2530)
((41, 70), 2870)
((54, 53), 2862)
((34, 43), 1462)
((46, 44), 2024)
((31, 47), 1457)
((38, 47), 1786)
((40, 60), 2400)
((47, 45), 2115)
((46, 44), 2024)
((35, 46), 1610)
((33, 57), 1881)
((55, 72), 3960)
((36, 51), 1836)
((40, 53), 2120)
((34, 56), 1904)
((30, 42), 1260)
((39, 52), 2028)
((21, 40), 840)
((32, 59), 1888)
((46, 57), 2622)
((36, 35), 1260)
((34, 41), 1394)
((34, 52), 1768)
((39, 58), 2262)
((39, 42), 1638)
((32, 37), 1184)
((45, 49), 2205)
((27, 60), 1620)
((29, 48), 1392)
((33, 59), 1947)
((36, 46), 1656)
((30, 34), 1020)
((33, 43), 1419)
((41, 49), 2009)
((45, 52), 2340)
((31, 55), 1705)
((37, 44), 1628)
((35, 57), 1995)
((34, 49), 1666)
((45, 62), 2790)
((30, 58), 1740)
((30, 51), 1530)
((25, 32), 800)
((34, 53), 1802)
((31, 53), 1643)
((39, 35), 1365)
((37, 51), 1887)
((28, 38), 1064)
((34, 60), 2040)
((32, 46), 1472)
((39, 54), 2106)
((39, 53), 2067)
((31, 46), 1426)
((54, 72), 3888)
((32, 53), 1696)
((33, 44), 1452)
((33, 51), 1683)
((29, 50), 1450)
((38, 46), 1748)
((33, 41), 1353)
((39, 52), 2028)
((24, 47), 1128)
((34, 41), 1394)
((42, 46), 1932)
((43, 77), 3311)
((29, 53), 1537)
((33, 63), 2079)
((42, 56), 2352)
((34, 52), 1768)
((44, 53), 2332)
((35, 53), 1855)
((38, 49), 1862)
((47, 64), 3008)
((33, 53), 1749)
((30, 52), 1560)
((29, 49), 1421)
((46, 57), 2622)
((43, 65), 2795)
((25, 44), 1100)
((29, 42), 1218)
((41, 57), 2337)
((29, 57), 1653)
((38, 49), 1862)
((35, 67), 2345)
((31, 62), 1922)
((38, 38), 1444)
((48, 67), 3216)
((23, 39), 897)
((29, 46), 1334)
((41, 56), 2296)
((35, 48), 1680)
((48, 60), 2880)
((30, 62), 1860)
((47, 72), 3384)
((30, 53), 1590)
((27, 40), 1080)
((30, 44), 1320)
((37, 48), 1776)
((32, 41), 1312)
((28, 55), 1540)
((29, 51), 1479)
((32, 45), 1440)
((41, 59), 2419)
((34, 66), 2244)
((41, 72), 2952)
((36, 51), 1836)
((26, 60), 1560)
((25, 56), 1400)
((30, 64), 1920)
((35, 56), 1960)
((31, 53), 1643)
((37, 59), 2183)
((30, 45), 1350)
((29, 49), 1421)
((36, 58), 2088)
((43, 58), 2494)
((29, 56), 1624)
((35, 53), 1855)
((35, 54), 1890)
((41, 51), 2091)
((48, 54), 2592)
((31, 48), 1488)
((29, 39), 1131)
((33, 66), 2178)
((42, 52), 2184)
((54, 74), 3996)
((52, 69), 3588)
((31, 47), 1457)
((35, 46), 1610)
((28, 56), 1568)
((39, 61), 2379)
((30, 47), 1410)
((38, 62), 2356)
((35, 49), 1715)
((29, 39), 1131)
((26, 49), 1274)
((37, 61), 2257)
((37, 56), 2072)
((33, 42), 1386)
((44, 59), 2596)
((29, 51), 1479)
((41, 52), 2132)
((42, 65), 2730)
((42, 53), 2226)
((29, 46), 1334)
((37, 43), 1591)
((48, 50), 2400)
((32, 50), 1600)
((40, 50), 2000)
((32, 46), 1472)
((30, 44), 1320)
((28, 40), 1120)
((41, 51), 2091)
((27, 59), 1593)
((45, 74), 3330)
((36, 54), 1944)
((32, 55), 1760)
((33, 45), 1485)
((30, 42), 1260)
((43, 51), 2193)
((44, 57), 2508)
((35, 48), 1680)
((30, 53), 1590)
((30, 43), 1290)
((34, 51), 1734)
((26, 39), 1014)
((55, 46), 2530)
((34, 55), 1870)
((39, 52), 2028)
((32, 61), 1952)
((38, 50), 1900)
((35, 44), 1540)
((33, 53), 1749)
((24, 45), 1080)
((31, 44), 1364)
((30, 41), 1230)
((34, 48), 1632)
((26, 42), 1092)
((30, 49), 1470)
((45, 49), 2205)
((27, 46), 1242)
((26, 39), 1014)
((37, 40), 1480)
((30, 61), 1830)
((32, 50), 1600)
((25, 41), 1025)
((31, 59), 1829)
((23, 44), 1012)
((27, 43), 1161)
((30, 47), 1410)
((40, 53), 2120)
((37, 51), 1887)
((35, 33), 1155)
((30, 50), 1500)
((24, 43), 1032)
((42, 59), 2478)
((28, 47), 1316)
((29, 39), 1131)
((30, 58), 1740)
((39, 59), 2301)
((30, 51), 1530)
((42, 56), 2352)
((28, 32), 896)
((36, 53), 1908)
((32, 52), 1664)
((36, 54), 1944)
((34, 65), 2210)
((27, 36), 972)
((41, 50), 2050)
((36, 51), 1836)
((33, 59), 1947)
((32, 61), 1952)
